38226
21992
12763
14576
64722
57094
41213
13110
5871
10221
36286
61929
1459
61285
39104
47343
27367
23683
27749
51469
65207
1752
24759
63592
28139
53509
12699
51805
58328
40288
20630
19420
7046
31334
23547
6905
35644
32889
57010
56822
4125
52093
10989
48984
27884
34880
64501
50613
21384
61125
11559
19509
53070
36017
45426
22044
6659
10587
2535
38320
10814
16527
56847
49473
13868
2844
28384
52343
12294
6355
18762
16807
55993
59471
32821
45824
54636
3226
21650
34909
12260
11494
45664
13539
51765
61776
60583
38211
39030
31470
40636
49347
18770
61312
21274
4746
19607
49670
58129
17865
44665
23918
24923
9938
54312
58742
35669
61905
17250
41438
2028
55183
19588
32010
55437
38881
31605
799
41695
58901
15475
56998
31839
17351
15706
25004
31667
32793
48268
24786
18821
58990
44858
11977
53516
3692
32599
23906
9504
43829
31238
62660
47611
38880
23654
58533
48080
31278
50953
41620
41120
30996
23238
60227
19719
60856
25342
34020
46518
4998
964
44415
7247
59760
11367
5210
41440
31034
35457
21521
52259
62422
64781
21490
37075
19091
21328
24124
6617
8477
46356
52496
24895
7395
54463
54089
25440
35454
774
14143
22563
14650
36199
51797
25007
37236
1845
6537
57769
63446
21200
849
4863
64202
37140
39413
52820
49447
42643
59914
52146
20987
16275
19119
1111
52490
35902
38270
5390
43321
51811
41100
54171
31393
38118
26352
61016
54076
21187
23113
57869
3407
16554
48811
21186
34290
40343
17543
28102
58693
27803
41173
57641
18173
43440
27683
2226
3945
61790
65231
42025
42408
33358
39378
13616
42981
16180
34740
36294
20849
40560
41301
65242
21242
30938
51048
13957
65367
2412
35189
36302
17014
2248
62154
3032
7462
62155
16696
52789
58275
3028
47163
61117
57271
12362
37865
807
42414
12950
55173
37400
31685
16337
42092
21313
13446
53297
20615
59350
63292
64621
14173
21159
59629
37068
13049
47242
28979
30427
18721
47174
32285
53570
18499
64735
60458
3789
15238
49041
61165
63159
385
58642
30577
27019
4491
47310
32165
37554
26740
46939
27722
11360
17785
15572
42657
1508
50518
16666
45424
59463
28224
6508
62568
36464
56891
9043
19217
36878
25031
5641
44504
38070
64042
24005
62955
32268
830
35607
61166
23703
52072
65048
55825
11524
16067
59919
40932
445
32616
34360
59425
7101
15418
56120
5719
47619
20619
28891
12576
22586
51576
39463
13026
59910
15651
11079
53605
65206
52921
36283
19533
18072
4099
50398
39741
48225
64945
25278
30881
30677
5379
61594
22050
4430
27172
43000
34896
16624
49095
13392
46814
26322
7210
13155
53383
35255
26532
64349
5506
18250
52032
23979
36745
3073
33741
17499
63020
44706
54573
14015
22906
27455
21107
1503
33716
47284
14075
9442
12037
51764
56660
54619
54543
23500
61548
15102
60416
46070
1637
3676
12862
58145
6118
11635
50884
41253
57531
40976
20526
5531
30469
35021
60124
43078
43694
24543
62403
55774
65333
21470
49044
54499
35930
22301
23569
61150
37009
49950
19581
44348
36182
178
11738
12779
33614
48730
43788
52088
45421
51459
56545
24602
20059
12187
20149
2438
55330
20829
31744
30164
5093
11092
44582
22520
47293
62119
29523
60904
31484
6402
55433
14925
56926
24931
18362
25924
27559
3400
23645
59857
807
50813
31804
47489
5143
9835
10622
46235
6765
20354
7218
37198
3926
36353
23565
56121
39000
64183
35999
845
40597
35200
3170
2257
58034
59555
44390
22134
30170
52091
48442
39504
61378
6607
56091
42079
9586
45761
18131
14728
50535
34904
27152
29282
53937
8287
31701
33837
35631
34788
46245
52767
21309
21682
46107
34947
21590
41269
57842
38851
15961
3474
45551
63268
1136
53926
49447
56098
60662
6461
22728
19280
12046
4804
32992
46126
16787
7786
35968
34997
48471
61408
17132
63965
4905
31648
42839
16315
14521
49296
45934
28082
52936
5194
4606
29082
33090
58998
44117
14318
65441
49886
21023
65063
31319
25132
45286
33366
50383
24828
63334
41275
23098
64274
26970
56003
54103
57196
46726
53504
49704
31472
38129
35375
55009
20050
49432
55091
61344
50380
21502
12006
8425
22124
62818
60313
34600
49447
25439
48952
24159
24749
29223
19243
7584
19617
362
53089
1657
56819
23827
37242
36361
62543
2012
6730
1844
40180
41756
53287
45981
59477
49494
9995
18034
47949
43671
60345
33387
31954
13106
54014
7889
59943
32582
65031
51238
619
63722
23853
2674
61741
61878
56086
64369
7782
13244
62226
2420
2448
59102
41547
43280
23613
6308
65084
28941
43927
41940
44773
43176
28047
51573
64712
267
25167
18530
34572
36375
50312
55762
27927
53307
46166
64544
23738
39529
47292
40119
18860
20746
58292
63525
431
30244
9470
53809
59408
10383
20152
4336
55393
38834
25580
43799
29867
31417
20389
24783
32952
65192
20187
9326
56974
24597
14793
17302
44293
31550
41658
46586
22473
34539
45088
25410
29857
29647
30689
26721
13530
28763
63791
22266
22126
2096
33933
37139
27175
12648
43425
578
55122
57063
18503
18708
16047
43012
32295
52240
39286
24356
1387
37416
64867
65338
54792
20804
40348
48390
10396
17155
40161
64688
24923
61011
40313
47805
52283
31310
2366
47458
1244
3530
45406
8538
34063
44631
6953
7184
41649
13672
45414
23973
43502
31970
40244
10580
1176
51693
58267
42250
21634
12561
63480
4531
65077
55725
36165
42071
2778
51552
36266
25905
47659
35797
49299
50778
49671
45384
20245
59503
6426
30132
56534
1065
33376
2968
43353
17359
25549
16724
33899
52469
31871
3298
33148
37255
63248
45702
11803
29373
8072
64675
3517
3783
28121
63343
62330
61125
25202
42008
50118
48406
32611
14482
38090
35469
43448
42741
2797
34654
21053
35365
53966
2783
64292
42089
64781
31456
53067
53098
58754
9052
15506
40692
20062
37740
42780
10315
23087
56529
7569
8910
46295
35705
58037
52776
29028
1104
52398
52052
46003
28474
11351
59118
47717
58744
29031
19980
30121
26834
15070
50157
35309
24378
59331
41217
41971
60636
37759
49897
46324
43950
35003
38088
3205
59969
14090
37970
29212
54196
33456
13792
50732
13266
23234
58895
21481
47153
49274
6040
37864
62121
13372
53406
1118
5243
4375
10336
34211
4860
32596
17533
54443
48140
36748
408
36935
10301
8075
13497
4140
12598
61983
6170
10106
32408
11870
28691
39311
45116
19170
58876
10333
21938
47728
50400
43954
63995
50216
40367
40434
35339
8226
2607
86
43827
3612
11932
8256
50472
57312
13331
42698
6984
64947
27098
41188
58353
43213
14723
62815
37627
24672
31250
9419
18797
35749
57440
38199
59671
48054
37850
37853
55952
57435
49454
39020
7974
40953
29345
51528
43731
34256
12781
26182
5997
39976
5850
4061
28252
44665
35578
8017
4702
42945
41017
34431
24106
17722
46885
29967
31391
18829
39259
15045
21649
51823
37437
51815
51664
10861
33389
59977
15988
13019
55697
38600
42459
37099
22062
19309
3565
19267
10627
62600
11040
38012
40175
33974
45608
56798
17989
9815
52393
352
51492
43270
27451
43889
40235
24137
28465
49863
44347
18293
50179
26531
36585
17878
50282
17134
25000
62531
16683
2359
27143
58215
23223
16178
51173
40302
18149
14413
28155
40653
39732
35367
37144
25895
2978
30336
59905
63883
30694
64674
19225
63479
33470
33714
14207
28861
53986
30204
34735
56953
14264
1197
36455
30430
44527
46409
62402
58356
8177
27880
32489
30743
11423
25793
33659
20141
6139
25539
56774
30279
6384
13301
31663
48176
49944
63567
14748
50583
39589
20923
60094
32779
52243
52413
18793
34186
919
18161
9209
18897
25488
53973
55486
43345
46652
22310
10303
28689
17894
18054
16916
35668
3639
29625
16830
31496
46191
58886
65227
30183
54189
3478
16096
35691
35610
5742
17320
12901
9146
20260
55391
42336
25133
49945
55001
9385
65299
9091
2823
53614
10125
25826
797
23653
39746
33601
12055
48158
52185
42669
26245
17641
13778
5540
5707
49931
29121
28782
40754
39462
54240
15963
61584
18729
34000
3546
23294
56666
61832
47645
8305
27254
10499
58663
45383
29297
61765
37273
6127
26018
9333
20129
44624
38359
11234
25224
50943
32990
25074
62719
11728
62864
52814
4990
33203
1597
7861
54419
42848
32786
47102
49073
23953
10646
24630
10182
22770
52959
24737
38482
5006
63831
37070
61606
61172
41477
18219
63770
62823
56600
48957
24160
22226
61272
12194
37336
50662
51214
53228
64866
43607
61694
52550
19506
42903
9848
61451
650
36681
4382
43616
44099
30962
37829
31895
33191
16825
17808
46840
46302
10582
59822
1118
49735
64571
28045
58871
43871
43828
47055
32000
773
49434
26436
46252
21141
11693
16228
317
8552
21666
38686
30914
47712
54132
36726
25514
41850
34873
7172
34793
14426
19510
6613
4433
63087
22640
32922
54122
43803
15085
15965
156
14567
6257
65052
22370
46992
1322
8809
63868
21204
9162
63627
3504
46163
31892
47189
37336
18894
64577
44938
7344
18981
22703
21677
38906
8498
6088
207
24388
23897
10307
27719
9622
9706
56925
1469
6249
26676
64791
20899
13457
56193
51944
56101
18645
32376
45550
39629
31886
25452
9495
11481
63690
271
38637
32670
729
16182
48379
62732
52802
1129
39477
1331
64119
35098
29065
13951
12504
39336
7522
52363
19796
48482
50014
65224
42040
29468
8024
64125
40923
4216
11207
37461
4905
47102
14278
8993
8119
36455
7956
22719
19697
59681
27040
48394
30124
53661
3655
29294
5480
31491
29851
60358
12708
26083
6999
46375
25862
23601
41939
6391
7434
55717
54892
6978
5535
19889
21477
2057
55984
35641
23966
42226
24031
22079
864
35413
50825
21464
47632
51255
50750
31990
64535
23202
7792
12770
64408
46275
3890
58750
56583
12657
35643
29224
30222
15323
51474
23190
42415
63859
24600
34551
27165
22653
24110
41122
22145
46881
8179
8575
43167
9367
13867
2498
64791
58279
55069
11872
51990
19155
10826
10377
12092
62160
18379
57735
24696
18207
7017
28845
62991
15766
12767
65119
57010
62223
14343
45514
473
53000
37765
34888
51413
40926
64457
24737
14165
33064
30774
59843
33407
56611
59684
61560
61859
61296
6786
10204
28477
22561
50013
3856
65000
15636
3104
36407
43163
61965
36968
58823
33163
55276
14805
12583
8980
44080
53724
45689
43523
65278
37764
49556
53172
13385
48610
39813
33965
36248
46276
2609
48868
58590
24168
29406
16612
10852
25744
27573
40954
16927
49358
14083
42304
34173
31904
40803
16865
39913
21916
39986
22145
55540
56548
6703
51207
2176
22466
50606
43769
21671
5733
25011
38682
62393
62972
47196
15722
62284
31570
4563
40995
60799
10364
61577
25895
14877
40386
42285
50177
37023
12631
32089
222
48918
39142
43557
61865
18281
16145
54766
36812
64123
62014
45839
12435
45488
31566
43401
27930
15118
60477
54944
38106
37303
33092
13835
46000
563
34903
60255
59254
10178
36990
9422
20822
47029
32590
37803
45487
22518
23135
1457
5611
49606
62490
60144
31077
40046
37788
44240
52732
31670
15637
45166
32831
42809
37989
5650
48909
52760
9816
48115
46217
34334
59523
19977
38338
38060
18789
62322
19811
16806
19594
19591
26520
21813
8906
60410
1154
7449
9516
2731
45919
56972
35331
3090
28194
19669
23437
56883
14884
16192
22411
46966
31592
56206
2338
35503
4529
34114
47066
63814
13574
30765
35178
11175
4047
28599
54226
23873
60849
44882
64505
2971
10174
48500
43230
31171
37780
18658
23946
38224
26577
43298
11097
48473
61087
57833
65420
50132
48912
41367
37330
12853
61523
40844
16202
28923
35780
10755
20421
5546
45956
4753
21137
50875
5668
58831
62858
65119
41370
18272
37059
48708
6760
64264
11175
40352
5821
28873
19143
49485
12331
18655
15614
1617
34679
37147
10633
8728
20097
12915
13778
60734
25181
25372
13071
38559
59979
4749
42800
5276
42910
689
56216
35344
30833
12232
61675
44478
23789
6585
52714
44933
61822
726
3885
22919
26172
52340
36370
55243
54615
24053
5462
33435
38980
45864
41571
62448
400
44553
21893
7974
24482
45662
49496
30199
9702
50981
1304
55801
21668
47902
24130
35321
56123
44407
49728
41637
37375
7231
6604
44396
17027
8835
56808
25188
21154
45382
35385
5958
4437
54361
55107
25169
52216
52409
52187
50153
64477
25516
20551
41889
3720
17510
55450
43447
14409
59897
27776
63438
62650
64227
51420
6531
15052
24923
39469
35341
52144
40530
63264
55087
33808
52996
15764
7361
52006
60003
7924
37159
32404
51112
2091
51210
52155
43944
63429
44261
35125
34391
5728
35531
14093
53634
23965
24698
59348
61434
696
3463
15037
23107
21167
49307
4577
49736
40168
21387
19245
43293
47850
37322
8815
45989
24561
36474
36994
44890
14668
14260
59666
11688
9722
43841
65265
27164
52940
6125
31889
62698
47285
45917
65306
28890
55990
1370
49571
9769
64517
49203
33726
53554
64298
30625
45800
21414
24868
57762
6836
2228
28372
31531
57663
29477
6186
40409
6661
61774
12400
57192
57512
54298
19855
38591
6294
14243
18336
49729
56769
59485
47861
23940
46324
61671
34433
31371
59317
63515
27066
3339
29206
5810
7126
41991
22001
42428
5476
65137
46985
28469
52334
46112
23975
24509
46057
45343
10812
17098
11539
25545
53099
19530
25556
57696
17809
38465
1159
25337
1243
31703
50753
41630
47118
7467
28694
26813
34572
8808
17634
56291
38143
13299
55409
15524
8412
33451
19184
25125
3702
18585
44158
55442
48775
5220
52328
56755
8573
45297
9980
47059
27320
7889
51846
20450
17279
63001
50307
37793
63593
62579
28902
31127
14302
25101
25376
55584
15945
41243
15420
4673
40056
21373
37839
29689
34757
25380
52521
58984
38597
39677
45750
12345
55493
11926
4194
14670
46980
29082
17449
19991
23485
33217
15972
23414
10441
19046
19529
28557
25736
38738
52725
30180
48555
54267
2979
12521
36162
10493
28706
35649
38638
41617
17176
64785
16273
50861
23133
24006
43747
62397
42331
19102
49373
23260
10899
4081
24977
2701
31990
38476
2785
17721
57142
18319
6606
1293
25896
19089
37812
28557
18249
31381
32439
53441
20144
39554
17016
29853
60371
64428
44548
9703
34568
26836
39258
29797
38148
43539
31596
64621
51472
41164
32889
10287
38376
61117
21896
64727
10593
9791
40419
47416
4533
19703
16111
10677
48641
27946
64059
18523
14189
45407
45491
20818
45684
53954
46774
4506
21277
6890
56055
22226
25963
55030
45368
6674
48070
20662
7905
17850
49595
53024
60109
64581
6387
26909
54598
50197
38259
33054
57925
12704
44075
19054
63569
53766
2051
54685
26300
44276
33885
41317
62618
55923
47105
32449
35680
12099
42029
56149
22596
57622
26568
43448
18488
29248
20419
46427
59743
13668
15365
58689
320
25418
28076
5449
14241
29056
63670
52981
64727
57341
19546
13110
52823
55096
40896
2171
33882
37101
12242
14572
58871
40284
7442
57739
48905
4455
22681
55086
17340
42527
45024
55200
63190
2140
51152
14897
12944
55871
16917
1788
19732
6643
49956
7155
30742
33710
10323
2657
4291
41158
17024
31559
55960
45571
26232
6329
37009
33838
33632
20751
40224
23080
45192
4004
16745
26635
2822
61749
9290
56428
53612
47152
21861
1552
28539
2063
34190
20638
38136
19933
7059
44787
4507
38213
32974
49905
31607
45463
9183
17327
14564
32641
5578
39728
51258
38370
20525
34012
61137
9733
61104
38285
57497
50530
13409
59391
19549
32813
5328
50877
24405
53618
42155
31636
14659
28244
9885
11772
44543
6786
697
8763
53590
17613
21853
13886
59089
2462
57140
21377
42320
23231
27743
5498
36387
23155
14381
16912
48243
31122
9472
58272
10690
25332
7738
38817
5442
54734
5204
20128
17734
19776
10356
21650
6019
49006
18955
60507
38195
59679
36509
5752
40670
59442
59011
38172
33061
47846
17123
42652
18804
10994
1227
56319
35765
37588
60439
37268
8073
13389
29293
56107
15502
43905
51370
55924
18170
28906
52066
40143
37993
64986
33497
62996
62914
56080
29235
47292
64788
18377
48309
586
58459
31014
14671
41637
50042
29539
7768
45953
3890
39099
59077
25574
6810
24144
44340
51551
27013
44478
23125
60410
64691
15815
6993
13550
3728
4468
15878
45095
38973
60205
5952
40745
26427
37634
14204
44874
31389
55127
12033
35921
41531
25951
14060
5778
29003
48547
6989
57157
53526
61412
63558
46364
14201
17709
5644
22871
45034
47776
45016
29188
41534
33087
45768
7991
32056
63276
55651
63482
42473
32383
51469
10034
43097
31153
44280
56114
50074
38558
8536
48164
57862
54346
42277
48983
31288
64790
49665
51406
58546
59089
36012
25163
36355
15386
47625
19186
7265
11512
22752
48963
34397
43781
3652
42393
2966
888
37728
63418
20911
2510
56529
5147
27475
63974
18305
10641
43333
29887
212
40436
5037
36961
63394
5033
35257
42535
63980
45066
6848
32215
60166
52840
14509
39583
46441
47649
39334
28924
47179
42646
5265
8162
61658
30879
20863
61683
49788
46119
12042
63053
37383
59502
12443
39540
19236
17060
31059
22151
9508
3955
49611
49156
47132
52285
13460
9013
13416
14087
49708
22030
46950
4139
61158
14008
41604
18954
35701
44606
36515
768
39353
49753
1227
4257
65314
52612
46927
62812
62024
2103
56310
37568
45983
8512
50232
40652
45982
24367
26838
4364
6849
45965
7243
24104
38448
37369
1608
46608
34668
43252
27358
48461
61271
6507
61454
25810
53457
33394
35634
21330
45203
105
12872
40652
56034
32917
43126
6756
38402
52850
28995
31723
24274
54590
35729
30974
63937
39972
38352
57657
12246
2063
5387
30158
12291
34756
40901
15518
21038
44529
38989
51800
49436
32795
458
27338
62155
35025
56697
39473
12084
62512
9984
44758
43179
16484
40606
58563
36803
47120
30835
59371
3764
42068
18063
43106
27969
50824
52812
52917
10295
29328
37005
31910
53943
40282
33030
38775
25032
47315
26335
54801
16597
41406
17011
39547
3964
1106
58031
31661
18125
61493
43203
28072
51862
61620
17384
35010
64471
8131
29764
7416
3334
24604
50881
17924
15032
28365
37601
12726
38322
62759
31668
9290
12004
24536
56305
1569
65311
22264
3338
49783
10490
25573
28368
60249
58853
2469
39275
6147
10678
60851
62263
7084
34489
29059
40235
65015
7061
65227
33536
41121
54825
40404
34148
57695
7309
35044
64765
52520
57195
63512
37969
12814
60113
57340
16927
18924
15724
20226
61451
62908
55594
23876
18808
52866
36626
42821
54379
39677
56140
61986
33642
44285
4689
377
17103
36451
2898
23191
44064
51475
63770
57278
59947
24931
25189
20279
27369
53899
59423
32628
38805
34077
53837
15225
27296
52583
6046
34011
20956
2653
11148
52595
7222
22407
449
63189
15147
15457
37973
22617
15039
48190
59033
25915
54097
1976
59329
16921
34753
9458
16426
43048
29997
37380
26175
61270
44765
4924
39303
41829
58618
29620
7260
25272
25785
29675
34216
48485
58526
59350
4667
61763
27485
16015
47216
28954
57909
30145
37055
52934
24541
4206
2334
60949
29744
36412
38341
42200
35154
29886
5149
41915
42436
57796
23316
8910
48420
37362
4027
20693
50699
15104
54747
58023
43867
47923
36593
14189
1526
28911
13044
41699
29625
19237
31097
28675
23905
42334
59545
13521
21463
51191
31586
47253
41499
20441
36912
8042
50472
26460
47637
45306
48377
56264
5414
45547
9993
52584
3306
47396
37172
26894
54294
4791
41115
13527
45961
49534
9573
5968
29418
34243
12470
63758
2035
16892
34793
34939
50357
46753
32895
27252
22499
14728
45281
12249
56856
46081
1351
36148
49062
21838
1285
4370
42723
9555
40323
37910
53638
64913
13372
42629
30572
25159
61376
6814
50018
1703
18356
3760
8797
3886
51478
53696
26861
38511
11660
49660
40841
43270
50273
64502
43985
4201
60928
22914
4955
56535
29637
33564
37095
20034
2398
34134
14464
511
60759
2161
10927
61252
24598
60658
4550
45561
50597
39510
46682
18242
42264
58930
40654
1222
38354
789
7630
15189
38756
32889
39361
9251
8526
25454
59425
28691
29927
14563
39295
6868
14081
726
3555
18164
12284
46010
64380
30028
57157
23471
37264
51819
59190
44435
46755
28440
3702
12946
44213
2692
54367
52501
56586
20886
52152
21792
56525
7571
16520
38273
16545
933
26454
46416
42516
59394
56633
13197
38547
15444
24592
32242
392
25474
34633
17171
64139
22346
26871
22619
9308
38348
46829
50721
44623
7472
40322
4668
16139
61986
20554
49328
17568
20706
40199
1736
26409
48790
4924
42472
2024
41169
4551
19632
61807
34742
35719
36265
42144
31681
57286
13443
15214
26623
4257
19522
63826
16772
3122
52432
5521
30418
33594
28388
31194
7214
35412
24574
59061
4323
18111
31693
9009
60279
7439
56520
31689
8386
3350
61809
47161
18448
51127
58314
41004
25765
17238
28652
59406
55262
59129
56636
34024
17346
8536
8442
48361
52744
21270
35572
29230
58227
38403
3760
60087
55414
49801
44799
32371
24473
20203
45245
9417
11322
55391
45933
3785
16204
46439
34130
356
60059
11123
24107
9803
35749
28937
45237
23906
27275
38701
31005
32221
33501
49475
27006
51477
44960
47002
20566
45677
44684
16209
37046
18994
20406
49045
33003
48127
31629
9480
16545
57017
60585
57373
16282
15192
39043
19920
12416
37370
648
40783
40915
40793
65074
38349
11537
39447
37211
17274
36168
5109
34622
24456
57143
22077
53671
36900
45838
44290
54600
56543
43073
21498
11629
51583
1324
12436
35162
5095
9347
27327
42741
46525
45689
3005
7482
21965
62793
61141
51842
31968
48025
64837
15756
2108
39504
1513
56022
19620
4714
44588
61640
12292
55439
47192
29569
12051
34882
54637
48078
34762
16495
10047
64276
26127
30067
41023
50922
15830
503
38793
42807
28674
5304
31420
53558
3291
45136
44121
60355
11555
23187
36581
48800
32493
44419
12679
1290
62447
59255
15612
26324
11502
51473
40239
36948
8724
43156
1176
25286
3587
12613
63635
15859
13038
13215
12684
11988
58379
22940
48032
1933
60314
65186
49801
5198
57220
33802
3781
59905
49008
12415
33529
9995
59964
25664
44335
11018
23475
21603
32526
21707
35939
30042
28232
35357
65340
17935
11490
35372
59838
60282
28382
63710
8960
43422
14748
18592
26688
15979
3461
19485
53570
40955
30148
53835
48651
15012
54546
19862
56821
51511
63022
60541
24963
3981
38046
17825
48323
20105
38920
1551
31286
13798
40677
19983
14466
40276
57291
13006
46507
51722
8774
47835
3831
8669
47127
9936
64140
19518
39218
32267
8783
27339
21684
62175
14194
846
54649
25468
5761
961
57402
31367
25846
50709
8417
14877
31095
38542
63257
64358
12817
1247
25530
51494
58176
445
20201
47222
2685
46046
12386
18814
11083
53782
34274
14167
43473
26362
23893
5496
48594
26706
10021
1663
41477
42557
55413
61506
44994
44735
15767
31643
506
21903
26340
24192
3375
45281
29368
28349
31497
23887
29690
11708
3085
22657
56524
28092
22159
49441
8547
57309
48036
64344
31980
51130
805
20315
49144
51679
37075
41235
46037
17589
42356
46415
1892
32031
53399
6693
7694
55606
434
24619
4098
32949
26145
4366
61501
52367
47075
40729
49619
43809
5688
58277
20757
35450
62454
43218
10924
58672
3383
36818
35205
49150
21716
4086
53914
33904
3324
64079
35934
28367
59567
63827
42260
4958
59873
55903
34462
49094
11544
48647
21230
61732
42291
15757
31239
17840
210
32915
53755
47257
13308
35634
54900
57513
24183
47904
4521
45365
12728
28836
51728
24327
21878
62847
41916
24391
24130
61708
1129
61412
9857
13302
47585
4446
20414
38510
38729
50939
43055
51989
22461
60809
55984
59536
35200
25259
26580
2852
44800
38835
39235
22471
57684
34573
39843
32138
27198
12257
37392
19042
2442
1624
10030
45079
63314
5321
21946
26210
63351
57708
18952
11051
49302
9725
15286
42344
57237
58723
47440
50633
2300
52660
48448
37940
25324
21637
43118
1249
31576
61885
43328
3760
7271
37414
58012
1500
12337
39145
55776
10750
24078
61263
17818
8763
63722
782
62497
22584
20136
53700
59420
56663
32738
10236
19363
3519
65050
4041
13191
33170
21956
63242
14403
45237
14808
56969
50587
35879
33431
47819
33981
27510
12123
8504
39629
35718
19368
37826
5650
54603
52390
16376
24460
53328
12626
9453
37797
28687
728
18818
5210
16222
6234
24391
29958
7441
12003
59014
22911
33426
48649
32685
56520
36701
49012
15622
10051
12848
52841
52339
6818
1634
56304
6808
6412
15861
6798
57494
25238
40428
26132
29532
55870
50884
42794
45572
25364
29514
53232
12774
53644
54076
13353
61385
23699
49924
1768
57685
15768
64088
18854
62128
12936
50798
2411
57417
3835
38923
55338
37763
5662
56885
228
993
18518
31462
27627
50482
14258
20393
24303
39248
38726
39198
13854
60357
28456
17152
44091
23880
7827
24387
32216
43679
58841
49497
62543
16488
63042
9341
8781
16610
18818
62139
48979
1634
59288
51487
977
16783
11905
13979
26091
30583
37833
55099
52918
49304
54307
45987
9355
3318
56589
43784
54543
19084
6189
34599
38497
50805
10711
11905
25440
22097
9701
4457
1333
11445
9293
16584
41799
36541
59472
127
41371
20233
39801
8795
27636
1314
57881
14627
8105
43721
25563
23390
2377
30085
35663
11447
3858
20319
44930
54142
57913
43924
32094
15806
53218
45433
49749
57473
8269
13764
43259
57870
8774
10379
39764
9355
22043
39285
34830
63668
9473
13897
42855
12857
51606
65054
18727
9959
15485
59079
2087
6560
61737
48229
21543
18976
49479
50181
4199
40400
1486
27163
45797
52177
14666
507
43533
50642
48232
59783
51687
22653
33932
48834
14003
8722
59163
48491
28477
2046
53327
22209
41023
52823
37752
8987
35798
15005
36796
8141
59069
60513
11894
36958
44858
5438
54705
52017
29004
15484
51625
8576
62143
62918
62790
25575
9257
6695
39756
9397
40141
39940
60526
61323
62139
3334
21152
38121
38381
52417
44382
15768
55490
32149
12548
58799
12971
17178
42085
26896
31530
12344
33908
11231
36629
58236
2428
27530
54820
44460
4099
22722
2162
41841
10078
34014
14779
7503
15100
327
60982
13332
57127
8261
37596
48254
10525
56753
35617
51209
28225
29844
33985
13661
15392
30542
45202
52518
61849
64339
16371
13025
58364
33383
24829
40153
8594
62776
23603
32555
58825
966
23666
11578
51452
21243
60749
54327
47612
36664
40462
2996
52862
32891
46620
51512
14886
30933
26743
26876
18448
24506
47915
36060
59253
59491
21325
34328
37675
19318
44382
59191
40
10839
60695
10735
61361
51643
16259
14349
32006
19076
58698
55652
60133
18066
235
62447
12470
7313
53901
34569
28741
23974
54965
39008
53295
32552
33234
30703
35082
3960
29650
46102
28718
4421
29528
40556
30903
52542
41992
56788
48570
41131
44563
15569
26353
36239
11084
1383
22517
5011
62725
34691
1905
33082
6390
19287
10366
63813
56903
8504
5448
31921
37866
6166
41419
14860
18850
33628
25629
53559
39671
64012
41299
3401
23873
7895
56788
44419
29871
20978
19955
28936
32653
51060
20322
45456
59071
42078
63014
9557
41117
7067
53300
15065
46878
20806
56771
18378
33596
41952
11812
4737
42227
49079
60941
3406
52356
3099
20798
27165
10024
44499
26640
21844
25799
43452
39481
31598
63713
64262
7519
24659
24507
10354
24649
17277
35486
52404
59334
51472
23878
1314
32923
42777
23467
11641
7218
15523
55567
49408
41187
59761
23364
62442
54548
18467
22143
14664
47377
60566
6277
9780
53814
58549
39282
61826
55708
3651
44759
24970
46242
64489
4774
36130
2935
27433
18079
25279
65417
25888
36051
47950
53457
1740
8513
53441
683
44521
42082
42180
957
18271
2200
11759
18404
38105
46296
11075
27477
62343
35893
15215
24448
22903
6629
43559
23055
14732
10283
50247
12894
8982
5120
42523
60764
56311
3859
47215
12636
57373
6032
25497
58886
31573
52265
56825
10847
20573
26469
22284
25730
43021
22590
47981
16290
39267
45021
20440
39315
6292
62576
50845
8481
1924
43454
53815
25775
48951
60604
55793
35007
11481
38124
26615
40682
22411
807
58470
46004
38014
50307
33023
32664
63231
21240
10472
32759
6730
14029
21487
45845
63809
50957
41560
36222
33251
17506
59287
53816
3979
447
21404
25741
55700
37000
48853
42054
12793
20875
64512
26408
17828
39825
39621
59624
14104
32214
32029
40057
54415
21643
60200
38765
52792
64529
25243
19712
60719
46886
29175
17954
4851
6730
64942
7213
29401
5642
16596
44570
16066
7779
54538
36836
56582
53076
61493
2168
63638
45509
31467
12111
34868
29996
4407
47449
10322
13326
38359
46472
6116
14501
65093
1972
36303
394
18310
32555
9469
37674
38443
33842
44731
60448
26029
5786
8466
40274
52742
58581
52564
18441
3688
14449
13547
6880
55013
12873
32306
17823
40009
50608
33255
24332
16384
22795
64475
58265
40003
46170
21231
27522
40699
29856
9819
17297
35450
63434
29421
49659
15352
63586
14128
9445
30931
56264
25878
28308
49754
17335
25761
19670
32337
85
13204
22556
18746
15431
1619
9940
46042
27559
30386
23708
22244
31609
58539
31408
40594
32210
15403
4996
58029
37210
56479
11794
57366
54919
59848
62813
23253
5053
60038
9113
16470
46952
47437
48810
17190
58310
51654
29429
12516
44820
34910
45723
8860
10615
41725
46713
21785
16127
52328
13013
61333
64648
55735
11476
15261
680
12532
63483
58415
9852
65431
29363
1774
64166
26854
51994
58639
27728
8250
28329
65162
40220
62326
17773
55392
64763
1319
21605
50900
25118
27927
42900
52109
61758
14588
15681
21014
20475
59152
34880
12635
30309
32402
12835
45438
22196
54625
40057
4925
55163
4636
22493
53421
7252
57307
33496
40348
18585
37416
18312
49798
49622
39259
19752
45006
17202
57826
29503
57887
34917
47565
49590
11919
11246
10633
31199
18840
59840
61469
53150
54440
42329
29268
63203
5396
56785
308
28811
8493
35350
47076
4613
52540
38942
723
51332
46652
16289
60476
19315
49222
64001
51628
25343
32308
3052
63067
8704
61280
51159
40161
6766
9500
40492
25841
39231
9090
58118
27047
9170
30041
10237
8715
1021
65347
29724
54692
37930
48394
56858
20721
41116
23774
48526
15161
44290
38558
60642
33336
53521
27782
4567
31542
829
7954
14392
22454
48562
64792
50228
13906
52657
23368
23628
62861
43743
4937
34452
3625
45773
13455
15333
60875
24021
45209
61906
50914
26389
17497
51954
51003
55853
7622
65368
30323
52637
36977
41342
18112
18557
23139
44727
33754
21857
38914
51876
61753
55596
7421
34550
13984
16840
12672
24586
37306
16952
2720
10542
59361
46833
62550
26852
5084
21390
13275
34713
20878
52776
16642
62159
19754
33287
47526
61718
5195
8916
50628
12981
45671
17842
12959
10467
17849
26717
49894
56650
17185
4954
23449
9001
24155
41675
60423
60293
23983
15142
20803
27193
36390
64479
24989
27086
59367
35941
41409
60349
34625
33629
46599
24486
42131
4418
63406
64275
16133
24500
26424
20035
62790
9526
5086
16740
48995
4711
36693
13841
55766
8860
19569
44849
55960
54569
25728
31843
13903
56126
5219
20416
38284
60932
17709
2951
22008
25773
10849
51685
59135
15597
42233
22183
10927
7100
44313
7803
41469
56184
4829
63122
25646
11868
4157
26735
23267
40155
37574
36378
44998
11913
11601
33060
57195
18832
27376
21229
53824
11508
37960
43256
47335
29069
23925
17606
57666
48382
789
26300
19278
19700
15575
5283
19122
42165
64434
39253
23681
39146
42740
64096
44843
55842
44360
40312
24391
43268
35120
21503
41246
40771
53887
36522
54013
49937
43061
20592
55030
16506
23242
49078
61608
37276
40567
4866
17949
18544
21235
52058
29301
36624
12037
48276
12377
10236
24085
18756
5682
51183
28817
46894
23379
59526
21262
34046
52783
18547
28340
64632
20641
33869
18201
62406
27153
38387
24491
62476
17106
41371
12228
42305
52998
62686
35042
10954
48359
10485
6490
26639
51582
36947
10076
40963
42708
8803
49709
3991
52676
60413
33219
25896
57298
42787
15836
56757
28117
62394
63750
34027
29835
62276
20471
35442
7340
25796
56068
9174
5136
63699
57396
50924
23212
31659
10088
62453
39628
22897
24294
51458
16075
10815
61545
14848
2352
49693
53140
9203
62010
55111
55152
6388
10243
14458
32494
27129
62992
20924
53236
21977
43806
23171
18570
729
38691
7298
43009
49374
18512
17519
8466
7045
26848
33115
56861
30812
30234
31271
3273
61926
28176
4513
28491
29638
6190
3507
47575
23242
55296
57561
40516
35622
31088
25070
52941
49592
50920
44667
30332
13263
32086
6899
60869
40606
62831
53052
39098
43548
17016
45994
63178
43464
10604
49130
17169
40551
5929
3574
30595
21874
3278
12045
23053
9944
15984
36045
5523
54332
35575
33783
17494
43290
11731
39839
64313
15346
28807
45415
3270
48284
8424
9917
35975
56679
29412
35596
50446
16833
9659
36679
20291
3035
17205
56370
34499
27125
3745
7854
48332
29366
58777
5086
2710
48926
24296
20774
14736
11348
8964
52528
51070
35838
3822
14175
3232
553
26662
15666
9733
51631
33308
24373
13989
18519
37873
62830
35503
58053
23307
13700
52761
62321
31785
22436
59499
53595
26718
1890
19616
25161
62342
18577
20919
2466
6444
54720
56036
42459
30004
11664
51542
61839
39201
15533
33706
17029
26316
41461
56114
42702
46228
20949
34441
34955
12446
3776
51019
49142
65081
11606
16402
19258
34732
62489
27340
34726
37946
23731
58084
63084
46168
27275
55346
20276
28845
10876
26788
38220
6771
6752
14755
32290
42580
24775
47163
6707
24438
33756
58094
54816
516
3985
33497
58507
22646
60673
56694
3555
861
59257
51755
23891
18697
33380
28261
32573
23635
64449
27222
1513
317
38349
2182
3017
16666
31189
62905
58813
36860
9193
55264
39749
43337
62743
48687
31240
57412
64181
38041
33220
17712
23285
50890
60084
52830
34821
16233
64246
33420
627
31826
32549
38091
7817
55867
26913
55414
40989
31162
15309
61386
51171
7416
6318
29403
36517
48737
2454
14178
65038
17739
28671
56758
15096
6624
14746
17469
63534
41668
37369
53887
15385
46815
51677
4003
25213
12976
14798
46088
55303
28488
61641
23290
14364
61133
23934
1651
55128
17351
30554
11877
49593
18666
33096
52748
61211
26200
34044
24741
31821
52696
36582
54595
25539
4793
40370
26227
23121
2432
16636
61666
23268
29687
50604
56591
60601
49657
7029
36238
52491
29935
55422
34209
37563
27475
55687
12562
7473
63509
4864
50991
39697
26450
14747
15225
46248
7581
31460
34219
9069
6321
36752
42265
25176
23907
57407
28849
61512
36749
51035
52908
5288
53475
41360
62945
27991
8710
14138
61192
24185
22048
56026
51663
49433
14710
10268
13786
64129
63871
41788
26821
16571
34064
36062
38857
33113
31579
1774
13076
3245
34956
25372
10423
21984
36961
2586
1737
36511
51274
29886
20511
49000
38461
62033
22709
44105
54817
43146
17793
31939
16896
22900
26641
49622
49070
23488
8941
14422
20165
42639
13300
17933
51315
64859
41377
47532
33333
64287
14625
20873
56279
4881
48983
50230
121
29906
38818
64367
63291
6123
59683
62042
63203
41332
20353
57235
56508
17279
53299
45036
38119
1974
61466
37721
19847
5152
64183
35370
30061
28256
4426
52708
32589
30844
42196
64840
32733
20993
13960
56576
51263
59352
2527
19498
59547
59879
49818
21134
33744
11796
47104
13144
17222
60653
60045
61287
14660
32845
21105
14676
15120
60422
5458
34351
891
19776
38551
34338
30616
21195
44856
8366
17449
62163
18471
49189
45607
53270
10075
26039
11199
21814
33947
25104
15580
60294
19479
54115
54526
52630
52273
61356
9096
51736
63098
49249
64379
19703
14738
31881
29869
33973
39560
32515
5597
19780
51336
54290
62953
18238
24246
37139
62813
41690
27470
32530
40003
17788
16261
3324
12377
8830
42624
13403
65300
20281
14741
34045
56607
61288
38448
57745
53128
46675
14547
23544
17506
6406
19683
40851
45402
62829
4602
35332
52954
23644
48790
3297
25560
30038
21001
59699
22240
30893
42404
56328
60629
52592
38243
19428
5307
21949
37181
46682
36617
37034
37567
42364
106
24143
31092
14545
11962
14509
64773
53386
56838
6837
29610
50319
30317
39939
52700
62242
4733
4469
14207
55833
46787
18694
2684
16566
6889
51767
14058
9167
9137
32374
35521
55762
62713
41012
17479
16757
52896
36969
17489
26983
47511
25070
21501
25933
27385
52380
7490
2675
45216
7584
32614
6893
40714
22634
10603
9439
2940
56613
13774
23597
14276
40108
36306
33542
40347
47428
56333
13194
3412
11867
3984
60096
36150
39109
59594
7406
33553
2982
8622
41531
25869
52293
31810
34848
35337
10155
51594
32340
30272
27879
37272
30157
8129
55764
40039
30634
61729
54142
6531
36336
54925
36686
28065
15762
19347
30104
1214
39606
44025
57673
60827
1276
27831
59676
53544
36485
11037
64491
46170
6595
36376
31789
54076
25790
19319
61749
5802
14911
114
62326
64182
49200
37775
7088
15540
19970
5184
19156
8713
38300
45630
46244
54319
52038
14504
634
25276
57288
49797
61039
57454
9110
10531
52318
49973
28555
46722
33096
64299
25544
58184
27114
17402
39494
1846
55242
41324
3635
55007
11904
7897
52315
59905
51960
59197
43234
21045
29921
47367
48181
6870
29079
11170
64605
19368
7834
41990
2142
19834
42422
34226
11173
29157
8660
53909
28885
63925
53853
10281
29752
26147
56968
16148
62673
56848
22031
19442
57675
17408
35316
17202
30260
57764
31316
2538
21554
13642
14571
1632
42773
37996
40740
52063
50993
16361
42509
44505
29017
59475
16011
56235
39792
5199
26097
65129
15938
19882
38190
64701
43260
37414
38517
10031
43456
52434
35836
64750
41789
6530
944
42604
46136
45430
12396
21174
47946
26781
22139
51911
63896
50873
22340
60516
2968
60775
16759
46170
63802
44819
24810
63272
6951
5691
25487
44645
61487
29459
18288
59597
44094
64423
53618
1215
32639
31624
20953
22223
37693
43503
662
49188
56846
42686
6277
3678
11922
46489
11299
47988
25562
48511
46871
29514
8635
894
1731
49008
49362
58109
34064
97
35679
31772
27174
55167
48596
21783
4891
48304
30705
12759
18137
9606
60051
52573
44253
64345
26981
63966
12106
13950
35365
1105
23684
29796
5299
19201
41441
27797
52778
17517
17477
40626
30086
65000
4307
21985
45287
7534
57163
14712
9954
34170
13335
23111
51924
28381
16660
57007
30077
41351
30354
11999
27281
9600
18751
26914
58090
44440
56959
52346
21923
57182
42692
24238
27759
62669
46050
39258
42986
33638
10866
64682
34014
9531
28157
7630
8655
50464
59893
2646
36760
21731
24651
55
8676
53303
27140
17228
55470
2837
27812
22945
12958
19689
48365
3987
63390
36585
45886
26897
61998
20430
49422
64133
39975
3055
420
30763
63390
37454
62051
27124
32754
19458
26113
12696
4907
54463
28614
28452
20625
15198
41828
1894
18640
61938
60461
42766
65189
8292
63883
28384
34055
25759
62344
50879
26128
57601
49077
35729
32956
56054
45023
43713
6797
54315
42523
36970
17182
55210
13591
7714
6078
26800
2118
19318
34705
45994
6459
29583
64989
55613
883
64332
43456
60652
1375
64618
20145
38322
31104
64503
54937
1254
30907
33958
38589
35572
64479
25909
19862
29815
7387
13207
36561
8002
21084
27753
46099
34656
5331
48684
64472
26213
53941
6039
3272
57438
57938
37780
13261
7555
18074
43893
50109
57862
57593
6844
41868
56643
34216
46842
64937
51066
64987
11832
8205
35257
11398
64250
19509
36366
44251
45334
3052
34301
9088
54509
45187
41240
21594
57292
15746
30844
55401
6748
34645
62709
19041
35597
13460
19201
60852
5424
33911
59834
2170
12608
35481
5646
15744
12593
27559
40397
3241
40349
44122
16873
3351
58986
52023
34282
940
1025
37428
30297
11087
17807
13247
37133
48692
23555
58661
60472
10553
12605
33302
59459
28922
51410
1416
53230
58015
45448
17943
58200
4807
60489
6123
40381
38986
62456
7559
23052
11300
21986
3933
57470
10846
57783
48879
27394
17424
33758
8803
46016
29331
53249
35076
7327
62911
48861
9430
26719
8333
51735
44244
27241
18414
49102
8020
58587
51991
26275
33325
44714
22877
17259
2375
27085
62914
34490
18620
52277
33994
31498
6565
44433
36340
61945
7924
23809
32491
25915
24286
5001
58418
44312
23295
27788
23141
12638
61204
568
55242
60290
60185
30838
25610
31695
32033
21091
47959
53087
50561
54922
36685
30011
36054
14169
12115
58469
43846
48444
18146
59977
25853
6072
26276
40334
55832
56134
62773
57832
42586
15059
42769
57886
50612
22993
58066
35298
28322
9418
36739
46838
54240
26586
545
63147
23084
24916
8477
60717
45775
18648
50062
27836
27207
33245
63085
7114
29664
39541
51772
44910
56239
26154
43140
1635
8601
47461
37886
2838
18395
40445
22988
36743
65372
31348
4945
43322
33101
49838
20881
28214
2336
35624
15834
40326
14473
30781
60145
58319
20822
24677
45254
48521
5546
45972
16020
51348
41042
34846
38353
35865
31599
30419
17466
51655
33264
58379
5613
60201
28755
35669
32334
32596
58123
5373
719
49590
10245
47048
63667
57788
5862
59807
62600
44296
45375
3882
23956
21513
41930
56712
7831
43715
50577
4913
16636
27778
42012
36821
65082
63060
49471
54556
57395
1432
16548
20987
54116
20395
48565
6130
63389
24820
12605
5795
28979
2460
59149
64727
58220
59786
24351
32365
27604
10634
61710
51136
11035
8416
56714
3302
32916
59187
8317
5041
4245
65291
9631
65214
45268
2043
15452
4859
7387
12263
54013
44093
24368
51128
46492
57048
48520
15509
35529
9064
38666
55078
42443
9974
49843
34625
7927
45028
59431
46752
42452
6878
50290
64667
18751
32369
45882
20695
40260
32771
60050
39738
765
62066
15898
63344
27688
31986
64569
17046
41313
9759
64680
386
24039
61450
37946
50497
54606
28015
16891
47851
8253
16123
13672
30415
35616
8469
44749
61605
53139
38624
59729
33725
43301
54827
14912
27180
49666
7246
54433
39578
25370
21688
8657
15935
6582
6910
42159
28139
8130
53124
9750
1826
29740
37026
11612
62203
50212
821
35413
22804
11971
49329
16617
17649
43968
9495
3796
10592
62291
26066
39871
1392
34615
6358
5167
48147
34022
62724
54778
62832
45997
16906
46448
63136
34179
50677
13219
29562
6618
9803
58889
59558
4263
14918
42843
61425
22183
18952
13094
24962
17487
61194
42140
7539
17135
8015
27194
51613
7620
11237
64224
7787
61343
58532
27383
13025
41001
53673
28074
41185
19564
27477
52699
43462
7018
41969
9901
44487
19027
2276
20676
5528
60194
19704
1029
6075
51130
26996
16545
49440
58980
25603
13823
34745
13511
13281
587
9852
8314
57957
3217
26655
28103
8970
4273
63636
50919
31509
18842
65030
3659
1763
40138
42882
63843
38922
60187
38534
44342
33785
7860
57812
18067
63916
54364
7010
29618
24280
40702
64313
12517
25729
40896
14335
32599
16735
20026
26196
31275
53296
57892
43347
36531
12944
32811
31213
42639
19516
5864
62973
26363
63545
2674
12746
27975
14593
47634
17945
944
14122
34401
5271
58577
49593
40986
50542
29845
12297
41295
22058
55945
4177
14311
62420
49044
30670
53263
57818
51731
61958
21166
35009
50294
34839
60099
41408
51906
28369
38845
9093
30784
47108
14103
45807
29699
27328
6807
51318
32220
64222
52661
22371
11139
43805
23957
47582
12893
47534
64213
53913
8347
19651
36197
38942
5338
29011
58761
22373
5272
41812
12917
3750
48879
59730
7447
54480
50521
35149
22595
32079
1306
54446
25410
16662
33452
18947
21322
1243
25136
22888
11219
24747
6636
21128
32995
9914
6442
6664
5464
3965
26538
55356
33855
36152
26238
63344
14684
54427
5999
64692
18198
37174
45707
23316
37504
58141
53467
42123
14717
19201
5934
56350
50996
51456
24941
35361
22114
78
38814
3540
205
5579
2471
25331
20860
28617
45674
8680
58103
18550
63235
56439
16361
10935
8645
8377
7722
20417
24557
10340
38381
55098
47287
44890
34852
26813
55971
2279
44686
27841
49753
41766
38426
39767
38827
11946
33026
6982
25927
39900
27768
53856
54039
47765
26359
57331
55506
16197
45156
65050
55897
28343
19886
21212
47732
58500
13414
23724
22973
61226
46568
5369
4848
24583
10371
14183
53911
13486
49601
46063
37386
29539
23147
45346
41267
37726
25909
12120
44745
47281
29571
58695
38269
63297
8984
31630
55007
25196
57654
809
8361
59913
4303
32502
13441
45081
64451
45967
11086
56672
12088
52080
9510
61577
21272
38865
38493
401
64335
64832
5396
53216
31574
34444
23075
43317
2223
8626
9776
19796
61412
44056
44868
49069
12368
62622
33881
50466
48551
56578
16630
49222
51143
56926
34169
55933
61001
8350
64932
24147
60258
25894
23747
17863
3227
35417
60078
47411
60050
3120
45018
11826
11170
11987
44466
61544
25027
46054
60954
19874
62488
57740
44715
61441
18222
47459
38718
47074
34253
33291
12634
47159
12215
30093
12715
51903
59742
33432
9558
15435
51481
49586
31462
33165
55501
38957
41870
34258
20562
44502
59078
52923
25652
54549
824
58472
31995
1884
9967
33528
57043
13949
24440
12448
59563
42976
19238
42970
6361
44335
11530
33340
14727
38543
39069
9345
9688
10448
2388
7350
25771
33937
14798
62843
18287
23960
10224
61532
5792
62831
56981
47791
20490
1142
57926
21891
8828
60771
47397
47710
12334
58953
9470
64955
52520
62742
30288
14983
49922
38497
17204
28367
12680
12678
1282
29095
60416
40483
3485
4701
20461
59319
45808
9234
27238
13645
15249
48491
57303
62968
34331
15609
48353
14769
31683
30302
63210
12982
36204
41980
48244
36385
4687
17692
64924
19574
6595
26378
59240
37181
54974
38568
21995
7051
47246
6425
24277
30008
13471
51731
34163
33279
1776
49467
51260
62525
6105
54970
47656
54669
63187
42399
10297
48485
50929
25640
30018
1533
39927
42171
58583
31132
60579
49601
34888
20846
613
8468
63498
10632
22430
22188
17260
39385
56080
8408
22590
47562
16899
27288
59774
37418
44790
45457
33115
62521
31577
1383
39302
45834
45411
50534
4742
37672
44888
25120
21007
50971
25494
41389
44391
34549
6484
44166
5518
6643
55225
52363
44777
64036
34380
21694
63803
1509
36700
12503
60149
2764
7057
37899
32221
56391
10452
26681
9307
59347
63966
28485
7492
20422
63170
32658
62525
63496
53076
63567
18391
60887
57798
47845
25445
52800
49263
41159
39456
20082
8045
59797
13887
45818
30362
59520
63491
36933
40594
7682
16340
56230
46686
5680
60031
48154
64773
25648
20752
36581
9234
29859
46297
7557
38465
10112
52771
5250
60911
48833
14328
16286
27746
1307
62169
57167
17425
33546
5604
29323
13108
32081
27627
31518
63724
27987
26532
54357
32581
775
27996
4364
37927
31617
34165
10416
54841
51814
17897
51630
30065
45802
24020
42284
59921
37119
20088
590
13150
8278
44582
11634
60866
23517
53220
36110
8710
32408
11213
38226
39123
29899
2391
7545
2392
16213
6952
19434
6066
38842
46425
59751
60692
56623
46784
16923
2403
9883
27904
34768
26034
29764
17966
7551
16276
44807
58448
27135
23444
4362
48869
4905
35507
51434
61050
55315
25631
13923
27932
36010
23871
57891
51728
49572
49796
20268
43132
39624
1686
26017
41532
59077
56092
15978
37870
2762
54518
47254
37374
3216
53355
7377
35298
18631
24076
58664
40714
33064
51281
28334
2529
57676
15603
29244
35906
47051
12519
59499
13234
43748
17259
53814
38662
47600
3115
61636
15806
34743
43505
44881
50088
27308
51449
18231
48822
37860
59088
10124
59607
6300
52550
32352
51183
52746
36287
15174
36844
11226
56220
64738
58064
1890
42551
9060
15171
42758
12301
53679
63491
31716
5576
50539
36130
11929
6611
7637
54761
7647
55733
51683
33761
52543
20310
39748
10413
7557
45110
52599
10444
19417
5276
43361
20665
36189
46975
54096
15096
36697
5224
28501
49054
52426
36068
39247
14640
5691
50738
55894
46546
50138
28680
37398
7133
39357
8614
53000
14940
38164
17200
46551
16990
36574
9393
7973
31941
60507
8778
62212
2063
54980
24640
17233
56851
3538
20534
51208
29025
51082
29359
17221
34823
23799
6983
12256
4417
44853
49822
60520
32513
411
52647
7468
2490
31094
29357
6062
25501
9254
50
27103
22160
6082
55543
27922
10264
32670
2545
3417
6372
21950
64887
24991
60322
4493
55943
64679
22769
47650
36421
47472
64391
45849
59400
1086
216
12702
8239
18132
3416
14240
54688
61647
25505
252
39333
33890
7980
42795
63184
39108
28656
57788
28832
44431
63691
11554
25918
19704
2266
3314
17422
64780
53185
29666
34373
56953
17220
3205
37708
46337
55598
35501
22465
12555
24763
57641
40055
7390
54543
32493
48829
62802
30544
10044
12166
36333
37597
2870
63918
42545
64566
31592
29850
11020
19341
20766
9916
31708
5674
23907
48359
18147
341
16861
9281
13872
32523
28169
5070
33006
24919
23658
12087
39759
23419
21645
7213
60763
29710
26733
16476
53604
38666
13553
9566
53058
36951
27097
37444
20526
6403
2835
56636
36001
14003
31848
23584
23899
36948
38450
30147
5817
7593
37117
52361
55906
65415
54899
33449
50644
46130
23239
24405
18942
30344
23196
33329
52237
59279
40237
20985
53018
31936
50082
56308
10640
30455
17174
36431
27826
40736
504
28818
44255
36357
2380
16758
39811
56355
54711
56590
60378
48433
35893
33287
6843
9414
56814
56331
27942
53262
46375
49608
40373
37023
8810
54002
4280
15002
46091
40665
59091
48704
64856
39038
531
54888
37717
16399
28184
30874
41045
14235
34233
40824
58876
47386
55517
2051
27812
9728
58486
45939
22613
8103
8295
18096
49218
40792
43383
33954
30559
29234
53081
37241
16783
53000
44495
17246
9926
63125
11625
40441
22760
12799
10346
5023
62047
13425
10687
8598
43645
58999
54314
28638
43096
38105
50990
63407
53765
39590
27350
5980
31793
37209
31882
32029
26021
30061
58182
39732
18313
38953
34810
14515
37203
32105
19911
31005
33646
10899
41676
7033
27328
41745
21463
26848
3774
26776
7091
18944
5280
14710
39443
28385
29268
29660
40750
11016
56188
30866
25883
16444
16096
61287
25848
39324
60741
20586
30433
7988
27538
48931
51538
55860
52905
26196
55874
23075
56892
45507
6069
55472
42409
19178
25363
61366
16547
62233
33326
52657
24724
45312
48482
43324
32607
55462
57860
44864
21912
25167
10035
27356
9931
44768
11437
47496
9269
61006
25825
32069
44685
51196
57955
61865
53671
43216
9996
19531
33286
25803
30567
1101
52629
15503
14081
53801
60520
54550
53350
27187
48727
28003
64583
32202
32902
18420
18813
55487
54302
51383
40600
38669
7875
9008
28095
9743
3052
31870
12740
24733
29531
6283
51883
56847
4160
23970
51548
36029
62142
33581
36344
42931
65027
52466
11507
58292
59804
49160
9093
58931
43429
35690
30323
27572
42473
59003
20940
42944
46015
39671
55985
37199
58820
27959
2013
33788
1820
32912
60584
20596
16964
14262
40597
38220
7386
42021
35682
39860
23246
43993
10373
25679
22702
49923
33500
2003
28136
7167
39514
19895
53166
30651
47711
40747
45013
25280
28672
37838
8412
31264
8142
4917
35564
44626
62014
10186
35163
23723
20689
57883
2927
55205
39037
46993
57789
27139
34552
59157
23966
48128
45118
64415
4906
1142
59679
58354
22200
20047
49334
106
57201
41749
58722
10251
29390
6464
17608
35447
42577
8787
58638
65085
984
35658
44864
19317
14367
20113
34986
8973
62006
10835
36918
14034
47672
15906
23007
175
64150
19075
22202
21627
61352
22795
65006
63135
9445
49021
62826
58916
32011
58826
7769
15557
24561
43955
7750
9834
54882
53506
37521
29031
1866
40322
64719
24668
15178
6454
22769
45468
39769
7456
34986
62750
13740
2666
29535
49994
50580
59045
21308
48810
18590
62132
13238
24024
44708
5091
26982
454
34986
33140
9948
22767
44389
27810
58992
12712
6767
35309
1719
22830
43521
38597
28285
30938
9762
41302
24520
6682
26835
9230
26839
64736
26741
20385
10475
42204
56912
24005
31581
60673
60789
11474
56251
51756
14200
8874
20003
21473
6528
46820
40819
54491
60616
6254
26366
15789
22485
44814
669
12288
2701
10242
49700
55328
16220
59132
38135
62757
30624
1109
58154
48961
52940
21939
12197
22551
31966
9578
46861
34480
17334
8819
35920
45874
48355
14099
50348
19573
4236
344
57069
52822
60909
42600
61458
38409
29368
20674
3649
8178
37588
64058
16309
1831
48073
42188
26095
1643
36251
60710
7033
61052
28892
38057
28704
16658
34682
32071
2725
38372
34158
12263
49326
62506
24611
30205
22878
34106
51894
57258
54290
64300
30067
32819
27427
58732
29989
54208
60401
28974
60467
50372
52143
38378
35105
15186
53510
42057
55168
47819
36120
63818
47237
1333
2344
14712
30183
10017
62896
40960
23492
23157
33851
63138
6117
44126
54851
53842
40578
28268
2364
35228
20503
7369
28367
32643
27215
42366
44518
495
56649
11083
46659
12206
29449
20263
5383
30089
38647
34108
60393
38196
23853
7415
6267
26488
28192
45584
42502
36364
59678
19308
21424
999
9837
36572
52842
49823
44288
45226
29720
22906
5953
64079
27807
47934
53519
14062
12427
9472
6297
53322
14797
27198
34762
36653
31517
735
61669
19580
6840
54387
61268
46875
14453
58010
20656
51117
13696
7076
1153
41080
52929
17204
55206
19192
10754
58069
22706
51156
31123
15402
57257
21555
40591
62041
41155
46341
30002
31535
28712
4976
25116
28688
7247
9770
60213
46109
45178
36711
50094
55067
21629
42980
35775
38756
18801
17064
37888
55451
11366
14041
44246
29256
10258
14888
45478
12680
37517
436
23036
63221
23105
64328
43818
12631
59952
53
58447
22705
12861
26760
40129
35533
23346
3563
49690
41522
48143
64161
24729
40177
4238
5260
14269
18142
17968
11931
38975
64548
56780
31287
44688
25122
49152
59887
40631
25596
5385
45439
41978
59796
10166
41285
37954
13489
9809
11031
53813
43528
32916
13785
46122
51976
60892
51058
55807
49953
60995
25166
38056
42621
53883
24628
16522
27966
17299
46573
50767
43781
28349
10176
17794
8072
57720
39277
19694
40279
58038
29171
31321
27188
12627
39074
34979
33456
34778
51447
44324
58570
23373
39149
2623
50050
50560
29129
47988
65392
14927
47510
30318
41017
13078
14766
61212
14216
60716
62116
21566
36411
55075
4719
9031
60544
36212
45207
22268
13370
25600
25995
31601
25717
14322
57446
9811
4021
23551
54902
41169
17789
8681
60147
59125
645
30923
29639
38718
24280
45484
45523
39551
51330
2158
49754
63105
24409
30820
33112
50839
4076
31086
54663
53946
26040
45905
40578
34359
37389
23297
10309
1693
7753
56286
15691
53964
4049
32293
59859
41005
57302
35843
45662
53421
19274
28079
7106
15155
1551
22908
65123
24758
35205
10560
8528
41912
1948
27811
7648
19614
45189
33395
32708
8607
35829
25269
38978
48879
8865
64490
47850
47102
5363
4289
40850
12628
46179
40689
30998
38557
47010
12823
7854
33050
40759
34559
51281
27224
23074
26975
4561
8721
13796
25577
8593
47151
47791
11360
50104
38726
6129
54185
52937
43062
64146
51287
3353
8288
3233
34076
53258
20514
21305
50150
8643
12262
30372
7571
50893
42165
45660
18595
37665
30256
59391
30532
10826
64879
55990
60330
59181
28530
38862
44644
19716
32831
11890
32302
13726
37802
29787
19345
52525
51147
27959
53678
65256
30107
39501
52077
2551
19998
28884
4424
30945
33552
21731
13859
34215
47412
15454
1496
64491
54371
47174
14354
64911
19072
47179
35291
3793
58716
34387
49929
4694
2367
43491
1393
40310
48562
50118
6341
41540
2639
33561
45833
4523
17200
27747
20150
7705
47617
42918
20780
24757
33747
14605
60260
24636
26567
53519
22375
10490
39897
48952
54571
17869
9702
4704
30782
2624
11785
13233
606
12821
52400
26200
57306
18922
63836
43503
6323
52702
37647
8902
10114
50035
45427
27361
1887
49349
59931
59691
57917
7914
23784
40753
30965
17176
37724
55434
34241
1347
16478
19385
39656
43076
1606
63822
46425
6391
30991
14779
41585
47754
34568
24458
48877
24646
59735
3129
59955
49702
12803
55449
58261
61292
24127
10114
42923
52416
59876
22669
47630
25802
48555
49519
9638
42235
10082
31961
14783
59189
22323
47702
234
60684
14360
12887
7408
36936
62104
45296
32870
45448
53128
43968
56341
20067
27416
35293
40781
8815
27306
58569
18546
21178
21252
46912
74
11042
9673
54707
4029
54598
51277
61372
45843
25207
34780
34924
3989
59286
26777
48044
20977
49495
52676
56841
48208
43408
22047
49602
48514
11949
42086
21780
18238
56964
14246
30497
57951
60715
7231
1114
51144
23228
32048
64034
40016
2646
15912
60937
14761
31528
3771
63954
39530
34822
27338
5703
49686
50338
53008
4727
63982
14930
49663
59708
14789
9762
6814
34066
28564
41567
15463
2837
5835
6761
18194
56490
51241
49586
11506
25332
58122
8866
50954
1144
26783
20648
33187
17424
10306
43029
5991
40078
61791
20445
27584
30921
42872
40581
64035
52203
33076
59387
21993
12487
12877
54715
63857
37482
24681
44337
26932
18470
38642
38193
50910
14617
1764
3097
32403
25508
821
50163
61872
51002
38271
1377
39441
39111
33964
35519
3318
45923
37378
34407
10671
25182
6550
12762
53014
9419
15200
50463
48833
40625
46325
42191
39905
19449
47380
48016
58436
39913
62484
53174
11590
17515
61634
65204
17060
45332
31057
6412
44515
11688
24732
53587
58387
63341
17973
55686
10725
20993
13754
42775
36843
42851
37253
57962
11601
7433
35680
14294
44952
48110
14833
40497
56251
43984
19175
49728
20372
63209
56259
3665
41567
52228
25767
53217
63529
41571
53316
63187
2563
63760
24002
58457
64661
64585
20366
36388
31122
60524
45848
29867
9828
61410
37340
48153
49280
40560
22754
7550
8917
46022
19630
43020
29744
56224
51423
39181
49138
15925
41185
59300
57433
28851
57340
59320
10491
64397
356
34304
63635
23475
19368
19622
5781
181
64615
5681
25011
8719
13823
58514
57131
58871
32335
63417
7374
46837
33115
9816
47869
47229
54112
8931
4306
8365
59365
13536
20604
28099
19575
2444
39471
29556
17090
54404
13308
65297
35082
10403
2386
33835
11133
10560
38953
64250
33781
61984
53243
33332
4442
22146
14210
27111
15077
61060
39336
34214
10042
7982
774
62524
9796
45865
37161
8170
940
48435
47450
14442
6939
56679
20563
38351
36964
44681
8342
23869
63643
57994
27556
24470
61203
48059
39957
50171
61451
26316
40214
34572
63400
51154
36697
19227
24449
18846
55255
1236
35959
24989
51047
1125
10421
11549
16037
7548
60552
53341
1950
63157
39777
18088
32067
19266
5188
34136
37569
20629
663
20539
26904
64799
46631
10725
63880
10726
15344
56828
18224
36382
15592
15581
25418
12857
44163
65011
52761
61668
33579
57477
50932
56289
41786
63360
57783
42530
64831
53534
25920
59342
30588
5324
13504
18339
47477
51981
29472
26523
32358
7758
47773
5473
26853
10507
4789
6177
3360
47426
42661
24725
809
1036
11475
23426
63002
36885
5050
61764
2621
38688
58908
20272
48609
37149
52271
63266
29861
12764
2747
27106
16529
63503
45954
36034
8049
35256
12241
63820
55185
1734
63701
11718
35899
4447
32360
7294
1077
42802
32397
43084
17203
63200
20154
31817
1827
65226
32926
41719
13314
22329
47997
22084
46540
39388
32498
1400
56811
34193
34967
291
22937
51703
2539
14286
12981
61636
24570
49034
14666
56438
11504
27502
53648
6990
2526
36499
17170
11750
58612
19999
37809
57022
41809
53371
53890
60263
64235
44783
12835
3968
17503
9593
29858
14653
63544
17696
44874
28773
15034
58174
22733
35524
55610
34992
22756
38253
17107
9813
18249
27054
15624
9229
17896
48150
45440
3307
52081
38842
27667
307
21843
21907
5720
16322
12986
50929
36187
54446
19661
63054
40628
63249
32627
7457
58773
44564
49781
41211
41577
33215
22306
39963
23542
12640
35790
50908
31717
17342
17074
51134
48624
39235
51919
11785
24008
54745
58973
34701
10870
63924
60016
54623
49431
42505
64625
20224
64748
18130
19476
38898
61272
18182
29089
51888
13290
63818
7049
14127
20649
57924
42378
59890
6120
7439
45636
22733
1504
14147
41860
12220
38916
55589
57005
47124
14114
9383
20719
40762
21533
42910
40777
34872
55450
11991
56266
6568
52220
28165
23132
47748
61905
2832
44082
54106
27620
32905
63444
12346
55733
14365
20210
31836
54020
42311
42429
19574
39918
12035
40315
4113
46302
36697
47148
37055
37875
43454
13861
63093
15778
19169
45658
10555
37001
4808
20996
1640
41249
56438
33807
35782
39991
41012
51317
63042
63203
3925
40522
26275
47310
15285
44981
46701
11090
11555
44581
33394
61651
15208
46680
11193
8275
36207
38048
44902
2503
17038
36878
49799
17684
30644
34772
36556
25894
3976
17364
2683
57930
43851
227
15039
3465
4825
41655
57666
17775
63158
13222
53486
17894
5339
52548
42412
51376
10709
592
2831
4622
46194
29725
34800
23750
41632
60694
10844
53924
28236
38083
48760
60183
57374
14319
45335
600
28585
34123
18676
12125
49817
29097
26733
2431
46911
30270
42150
9431
3475
62319
52400
18518
1845
44683
50816
54184
10968
59927
29362
49976
9418
29571
11688
49420
299
23169
54202
22876
20266
48112
34813
14232
17189
45306
6544
2396
40164
2487
65339
31772
444
31421
54157
44518
26971
57518
38819
39334
30998
49860
35797
39990
27771
24048
24602
19333
16881
64740
17061
48267
17739
30511
19778
51615
9802
17991
41755
60236
22019
29561
52502
20987
55719
37983
33271
2293
35127
1444
3890
1887
51362
30345
25651
40377
10570
28313
62608
46980
64221
18595
62343
37760
48760
49956
4221
63015
49534
49436
18223
56396
918
8993
26724
31191
28605
563
55070
13193
48299
62051
19333
5273
39973
1804
60639
40753
61772
64953
53973
1591
49261
44795
17803
32256
63796
46710
51814
59542
60599
65069
36575
25704
62955
54655
47050
33042
16714
60839
11203
24259
12332
28176
25067
55739
46542
22002
19448
43980
35452
50175
19325
53056
48340
37300
9642
59394
39182
15408
30294
43707
25915
13482
7820
13873
52444
12386
13154
19395
2877
16365
25353
54417
26323
18357
64100
25292
54666
36361
7545
20428
1892
61629
3380
40880
10425
2511
22422
64665
16540
4704
53136
41346
26228
57198
65444
30550
37415
28161
3337
49260
43499
23119
49096
25446
10931
51819
28004
63196
56977
62191
52758
46704
53840
50913
19028
9047
51294
11545
37542
53483
14841
40893
63763
60708
34810
39040
30845
59346
42414
4790
8419
59411
51045
18028
49870
52509
14061
26171
56033
3240
23457
44163
6082
35212
47590
27881
14057
17978
31523
32580
27874
60905
13881
13340
58806
38868
47528
1032
11173
27737
60452
1617
49296
16379
50314
8048
23624
8622
15749
33521
26635
1462
49157
62018
42330
4551
15793
3835
40559
32954
10974
14891
34124
53062
14157
37560
18673
61448
889
7073
16807
37385
51897
19810
27338
51807
64053
54045
41044
27582
40170
49177
34657
37370
39876
29701
48091
17229
55920
36718
62980
11858
39785
2513
3763
3111
10475
41010
32337
18802
19287
19745
37279
32913
54572
5610
2337
16262
17214
21625
57811
25199
20191
23272
49264
8922
48701
29769
28910
61778
24822
46613
10708
1768
20638
33958
59058
30306
45635
38254
19610
60555
19476
59319
44685
50824
48993
63691
8157
61279
61040
26767
61160
11925
31926
41777
36725
64985
1350
40476
32492
51534
9836
27549
2613
29007
42921
24690
20769
50273
40173
50472
23154
8012
29650
65035
31852
50674
5034
59470
31788
62311
46737
15444
26884
7763
20899
27834
56695
27805
29885
29457
28128
27152
32866
26419
34012
