16353
16118
16445
16605
16492
16322
16220
16962
17073
16857
17111
16728
16903
16712
16741
16503
16835
16507
16409
16897
16117
17045
16750
16974
16209
16889
16881
17013
16871
16325
16859
16577
17089
16700
16401
16658
16878
16810
16748
17090
16233
16868
16824
16969
16272
17018
16750
16759
16655
16398
16800
16272
16710
16468
16846
16951
17111
16857
16633
16315
16458
16298
17007
16388
16606
16974
17026
16480
16815
16337
17024
16184
16377
16381
16780
16929
16647
16257
16672
16447
16835
16367
16165
16898
16995
16538
16491
16681
16300
16589
16595
16715
16423
16219
16535
16149
16397
16426
16329
16578
16859
16371
16725
16661
16214
16555
16531
16757
16866
16826
16671
16590
16398
16116
16441
16780
16974
16543
17071
16360
17112
16806
17070
16359
17081
16879
16274
16392
16391
16988
16348
17079
16568
16118
17086
16806
16286
16388
16914
16896
17048
16998
16381
16856
16876
16156
16623
16144
16789
16279
16368
16366
16358
16811
16495
17066
16710
16530
16793
16824
16748
16429
16331
16660
17059
16248
16276
16620
16755
16582
16480
16578
16668
16188
16918
16412
16687
16922
16375
16366
16186
16603
16972
16921
16393
17054
16539
17040
17106
16693
16824
16123
16600
16822
17066
16897
16985
16201
16830
16301
16787
16391
16665
16353
16246
16301
17074
16899
16449
16286
16304
16709
16992
16761
16877
16694
16426
16719
16599
16723
16265
16494
17023
16515
16698
16379
16642
16884
16433
16495
16724
16777
16799
16709
16316
16126
16349
16435
16885
16199
16967
16509
16986
16338
16660
17113
16855
17089
16698
16822
16248
16692
16367
16138
16895
16676
17052
17019
16621
16683
16348
17022
16597
16650
16538
16521
16312
16511
16699
16305
16762
16558
16200
16464
16425
16769
16817
17055
16136
17075
17101
16385
16261
16901
16495
16824
16458
16389
16639
16204
16626
16413
16518
16742
17021
17092
16629
16171
16710
17073
16188
16902
16693
17041
16236
16609
16658
16934
16844
16454
16773
16697
17104
16499
16398
16417
16436
16527
16918
16341
16145
16351
16230
16148
16765
16708
17063
16257
16131
16435
16947
16311
16524
17026
16808
16696
16153
17006
16313
16709
17095
16145
16647
16149
16761
16158
16401
16277
17050
16917
16492
16515
16214
16716
16590
16825
16522
16464
16685
16474
16835
16177
16249
16786
16562
16433
16786
16469
17034
16365
16822
16665
16795
16378
16684
16891
16801
16957
16942
16166
16561
16985
16425
16464
16905
16569
16950
17064
16139
16435
16269
17028
17050
16575
16970
16620
16353
16262
16559
16180
16998
16438
16892
16841
16957
17095
16333
16365
16543
17059
16392
16544
16436
16481
16563
16719
16992
16426
16769
16916
17001
16503
16206
16360
16714
16812
16999
16151
16617
16194
16435
16902
16864
16822
16302
16527
16393
16334
16158
17111
16215
16811
16769
16643
16739
16497
17013
16803
16862
16633
16178
16337
16931
16990
16808
16848
16629
16792
16262
16874
16860
16324
16437
16528
16352
16186
17029
16655
16837
16628
17027
17022
16136
16208
17039
16611
16735
16325
16965
16673
17016
16260
16316
16944
17057
16708
16393
16210
17010
17067
16965
16554
16993
16886
16216
16715
17103
16262
16577
16134
16320
16759
16615
16879
16650
16842
16491
16169
16710
16277
16525
16355
16566
16380
16796
16308
16625
16757
16907
16122
16612
16300
16790
16933
16811
16652
16115
16785
16965
16929
16801
16131
17002
16173
16525
16597
17007
16811
16573
16505
16190
16725
16132
16837
16402
16631
17064
16601
16456
16181
16278
16307
16463
16634
16596
16644
16621
16157
16434
16436
16646
16752
16504
16476
16350
16724
16455
16407
16641
16588
17032
16609
16370
16873
16735
16370
16254
16558
16228
16574
16821
16534
16986
16203
16205
16467
16368
17010
16310
16742
16847
16465
16577
16558
16334
16966
16636
16659
16566
16905
16570
16600
16490
17095
16980
16664
16204
16768
16570
16294
16260
16383
17035
16219
16319
16361
16824
16933
16754
16868
16525
17051
16134
16243
16822
16833
16965
16943
16505
16450
16615
16488
16351
16160
16822
16352
16691
16114
16673
16867
16345
16619
16237
16554
16128
16200
16189
17077
16579
16258
16641
17055
17050
16830
16781
16371
16597
16708
16603
16821
17037
16433
16401
16289
16571
16728
16803
16792
16685
16304
16168
16643
16472
16164
16888
16928
16475
16301
16957
16447
16337
16348
16834
16125
16721
16434
16684
16387
16312
16135
16323
17017
16478
16867
16495
16722
16287
16492
16460
16782
16178
16654
16998
16301
16654
16805
16832
16580
16733
16771
16919
16471
17114
16309
16448
16831
16244
17064
16179
16827
16327
16438
16761
16824
16179
17010
16878
16987
16574
16333
16675
16542
16535
16205
16905
16854
16968
16889
16666
16922
16329
16598
17102
16686
16333
16178
16388
16845
16469
17096
16477
16160
16123
17097
16434
16868
16301
16195
16431
16465
16381
17086
16647
16912
16542
16597
16278
16169
16939
16714
16668
16223
16793
16823
16557
16553
16184
16678
16911
16266
16194
16950
16675
17001
16232
16534
16762
16816
16419
16205
16940
17029
16168
16510
16379
16955
16157
16181
16507
16840
16372
16416
16269
16834
16245
16655
16625
17001
16829
17052
16710
16168
16498
16359
16950
16192
16941
16250
16431
16663
17034
16116
16807
16209
16495
16525
16425
16934
16858
16798
16247
16452
16322
16490
16666
16848
17023
16723
16996
16119
17070
16559
16473
16214
16861
16815
16779
16844
16389
16687
17064
17095
16812
16737
16673
16672
16901
16366
16248
16754
16505
16950
17069
16423
17079
16119
16419
16482
16405
16273
17113
17104
16730
16474
16399
16508
16878
16347
16684
16533
16188
16888
16963
16332
16328
16258
16898
16337
16304
16296
16383
16133
16875
16126
16775
17077
16653
16309
16608
16495
16499
16218
16625
17075
16674
16803
16128
16906
16279
16734
16253
16134
16722
16265
16590
16694
16788
16343
17088
16230
16352
16433
16469
17081
16769
16635
16735
16619
16511
16552
16575
16217
16357
16542
16570
16346
16951
16449
16642
16952
16224
16513
16217
16281
16208
16451
17103
16165
16175
16443
17048
16953
16976
16551
16869
16907
17095
16175
16892
17003
16235
16906
17100
16248
16310
17082
16634
16199
16164
16586
16848
16559
17016
16866
16749
16516
16856
16695
16501
16946
16350
17070
16739
16390
16168
16948
16755
16959
16851
16641
16160
16802
16327
16903
16664
16821
16720
16266
17033
16323
14493
15200
15258
14932
14669
14427
14653
14961
15352
14775
14521
15028
14639
14781
15082
14477
14463
15236
14666
14564
14535
14708
15120
15234
14629
14927
14937
14545
14798
15388
14759
15151
14540
14549
14490
14617
15204
14451
14650
14957
14401
14400
14875
14976
14541
15036
14758
14930
14545
15100
14822
14499
15220
14820
14941
14811
15166
15387
14651
15348
15142
14661
15072
14531
14424
15117
15142
15174
15159
15068
15253
15203
15012
15309
14670
15142
15137
15052
14865
15030
14866
14468
14419
15098
15063
14996
14702
14575
14545
15039
14426
14594
14710
15032
14922
14468
14966
15019
14775
14724
15067
15003
14396
15382
14768
15147
15325
14556
14397
14767
14701
14774
15319
14847
15313
14558
15019
15141
14773
14585
14831
14813
15224
14611
14701
14929
14689
15242
14455
14767
14483
15349
15085
14617
14456
14416
14536
14426
14987
14899
15069
14453
14426
14963
14630
15299
14735
15195
14836
15358
15325
14876
14928
15336
14879
14945
14781
15156
15278
15086
14627
14972
14998
15190
15187
15147
14711
14627
15117
14870
14938
14490
15097
15042
15291
15271
14772
15137
15276
15294
14765
14957
14756
14920
15255
15376
15289
15058
14713
14631
14965
14577
15158
14562
15064
14961
14682
14449
14473
15211
14620
15168
15261
14940
14636
14947
14671
15249
15038
14639
14464
14489
15127
15007
14940
15218
14521
14427
14751
14571
14392
15279
15205
14541
14528
14605
14457
15372
14609
14676
14714
14470
15172
14586
15057
14533
15385
14997
14736
14943
14586
15277
14594
15357
15323
14566
14516
14477
15105
14656
14949
14420
15188
14545
15299
15345
14502
14560
14428
14475
15287
15300
15070
14943
15339
14890
14403
14652
15337
14614
14745
14837
14990
15193
14653
14530
14988
14470
14755
15342
14641
15242
15261
14619
14513
14607
15168
15206
15343
14829
14723
15119
15134
14482
14781
14984
15255
15054
14651
15247
14435
14672
14913
14582
15143
15136
14461
14849
15121
14947
14832
15061
14414
14895
15359
14665
14668
14663
14941
15020
14624
14485
14773
14776
15346
14923
15271
14640
14551
15142
14556
14734
14714
15364
14985
14984
14610
15353
14828
14858
14463
15349
14400
15227
14481
15260
15112
14590
14705
14783
15131
14494
15065
15017
14555
15107
14585
14783
15264
15350
14394
14519
14777
15230
15278
14817
15193
14704
15352
14688
14703
14673
14882
14945
14783
14835
14871
14993
14916
14988
14430
14780
14470
14423
15016
14500
14786
15115
15382
14911
14732
15209
15194
15182
14595
15122
14931
15222
15240
15027
15280
14600
14406
15208
14836
14584
14415
15270
15171
14724
14462
14410
15231
14903
14467
14446
14861
14473
15221
14947
14456
15108
14736
14733
14969
14569
14908
14583
14392
14741
15086
14878
14842
14544
14465
14593
14549
15123
15062
14792
14868
15327
15080
14958
14742
14754
15278
14729
14942
15216
15098
15367
15073
15061
15023
14815
14571
14810
14684
14853
14390
14463
14477
15035
14600
15344
15049
14494
14909
15282
14726
14484
14996
14968
15161
15141
14793
15364
15190
14753
14501
15254
15080
14909
15249
15324
14614
14629
14888
14990
14854
14440
14943
15001
14397
14766
14950
15063
14978
14586
14888
15289
15255
15023
15211
14870
15379
15253
15257
14781
15319
14817
14553
15271
15066
14509
14664
15231
14661
14692
15349
14831
14809
15180
14514
15093
14638
15130
15054
15048
14397
14432
15230
15039
15316
14794
14782
14532
15053
14854
14966
14555
15092
15192
14603
14917
15179
14888
15221
15228
15300
14483
14918
14543
15325
14835
14926
14553
15014
15224
15358
15311
14419
14507
14610
15108
14450
14486
14665
14549
15005
15318
15165
15386
15372
15106
15092
15381
14996
14846
15009
14459
15347
14634
14930
15038
15033
15293
15368
14702
15071
15056
14962
15068
14586
15018
15264
15059
14803
14829
14460
15048
14720
15051
15375
14557
15055
14559
15131
14874
15305
14744
14908
14647
14607
14660
15061
14646
14727
15042
14981
15365
14835
15342
14567
14433
15146
15358
15192
14712
15015
15089
15334
15292
15244
15027
14424
14752
15224
15008
15007
14715
14830
14807
15276
14528
14833
14749
14951
14444
15170
14395
14749
15053
15281
14532
15319
14546
15034
15342
14763
14621
15000
14709
15129
14946
15212
15176
14593
14652
14975
15103
14678
14584
15182
14461
14741
15373
14993
14908
15002
15388
15276
15042
14564
14564
15110
14737
14688
14598
14665
14923
15074
14945
15061
15022
14929
15311
14948
14467
15149
14856
15271
14509
14743
15364
14693
14737
14957
14952
14404
14757
14704
14727
14664
14460
14672
14414
15297
14493
14698
14951
14401
14556
14629
14703
14505
14992
14728
14637
14446
14473
14508
14893
14492
15324
14428
14766
15242
14713
15034
15375
14647
15362
14833
14880
14661
15328
14649
15102
14788
14978
15328
15298
15005
14703
14425
14618
15252
14624
14545
14740
15294
14682
15210
14953
15154
14822
14809
15003
15339
15233
15181
15316
14971
15028
14568
15128
15130
14658
14576
14548
14586
14962
14799
14742
15039
14881
14458
14887
14553
15071
15112
14627
14499
15245
14590
14467
15140
14815
14654
14562
15025
14925
14552
14417
15173
14453
14919
15108
14795
15168
15125
15268
15127
14402
14649
14595
15183
14573
14921
14766
14580
15022
15305
14771
14441
14988
14447
15377
15135
14859
14637
15350
15158
14433
14466
14910
14690
15034
15227
14976
15030
15205
14758
14882
14546
15090
15209
15134
14485
15120
14535
15198
14741
15207
14542
14950
15137
15208
14894
14677
15332
14939
15191
14633
15367
14528
14689
15206
15194
14519
15357
15348
14832
14505
15111
15382
15101
14952
14690
14612
15273
15336
14942
14930
15193
15155
14957
14861
14948
14559
14568
14595
15028
15111
14903
14693
14549
14862
14397
14860
15113
15272
14816
14425
14472
14948
14651
14484
14706
14440
15090
15188
14765
15131
15367
14896
15129
14619
15270
15012
14783
14630
14782
15158
14630
14915
15281
14390
15132
14867
15332
14721
14454
14738
14577
14839
15127
14942
15188
14501
14735
14635
14854
14988
14805
14980
14780
15385
14521
15332
15118
14723
14722
15344
14958
14932
14391
14701
14826
14845
14691
15376
14662
14795
14877
14569
14418
14768
14722
14945
15231
15101
15047
14767
15333
14406
15360
14515
15189
14956
14637
14901
15240
14564
14763
14507
15330
14847
14756
14539
14486
14648
14719
14764
14706
15015
14663
15258
25583
25792
25039
25416
25731
24974
25506
25451
24904
25488
25644
25520
25204
25598
25798
25264
25889
25121
25077
25354
25114
25784
25837
25269
25263
24996
25378
25235
25289
25533
25025
25820
25411
25094
25047
25017
24922
25046
25390
24991
25734
25283
25896
25146
25604
25752
25149
25521
25740
25674
25002
25421
25149
25896
25104
25605
25269
24960
25622
25510
25391
25230
25270
25595
25380
25598
25713
25661
25187
25452
25493
25425
25497
25178
25737
25110
25262
25591
25646
25026
24996
25316
25498
24902
25894
25666
25889
25874
25363
24945
25326
25085
25769
25415
25069
24949
25004
25327
25779
25753
25625
25052
25531
25759
25513
25430
25176
25574
25389
25377
25272
25291
25437
24969
25609
24935
25162
25104
25263
25164
25132
24982
24939
25048
25119
25624
25448
25274
25856
25092
25802
25236
25257
25120
25837
25803
25302
25199
25025
24977
25366
25669
25801
25187
25247
25416
25166
25488
25839
24964
25616
25438
25493
25506
25285
25028
25206
25441
25567
25781
25206
25034
25211
25143
25041
25880
25542
25647
25134
25838
25515
25155
25084
25014
25289
25570
25711
25802
25507
24991
25066
24948
25617
25320
25048
25009
25747
25567
25030
24901
25478
25275
25129
25670
25701
24904
25466
25116
25571
25760
24902
25007
25466
25499
25466
25495
25770
24904
25488
25084
25081
25151
25406
25721
25377
24972
25461
25445
25537
25806
25395
25787
25153
25171
25331
25587
25084
25879
24985
25453
25434
25775
25233
25707
24934
25632
25562
25848
25698
25367
25895
25132
25397
25668
25460
25470
24946
24933
24928
25806
24924
25517
25620
25156
25812
25508
25763
25301
25397
25248
25805
24992
25673
25540
25307
25386
25094
25846
25198
25159
25500
25246
25869
25770
25561
25560
25637
25695
25880
25866
25071
24908
25062
25128
24990
25278
25440
25386
24909
25717
25071
25345
24965
25366
24934
25552
25314
25767
25841
25853
25482
25824
25577
25807
24922
25397
25895
25039
25814
25048
25507
25050
25350
25066
25683
25880
25498
24966
25615
25901
25112
25280
25474
25399
25201
25619
24981
25468
25022
25109
25474
25426
25559
25258
25763
25760
25793
25687
25124
25559
25536
25770
25079
25693
25009
25625
25200
24938
25878
25528
25032
25430
24969
25791
24938
25103
25281
25066
25576
25183
25023
24982
25003
25309
25499
25064
24966
25790
24930
25804
25154
25016
25378
25890
25230
25879
25847
25162
25599
25507
25562
25707
25457
25205
25466
25773
24995
25146
25107
25569
25396
25067
25480
25111
25177
25069
25489
24959
25292
25143
25371
25563
25594
24964
25697
25071
25091
25551
25593
25172
25458
25682
25710
25059
25135
25518
25880
24964
25589
25720
25245
25518
25700
25630
25532
25717
25509
25699
25664
25574
25358
25147
25866
25498
25530
24975
25277
25877
25601
25089
25580
25237
25433
25046
25827
25829
25639
25513
25347
25372
25022
25693
25893
25225
25015
25521
25615
25804
25331
25402
25136
25042
25249
25866
25872
25377
25539
25469
25237
24921
25428
24940
25475
25202
25616
24937
25327
25177
25884
25271
24982
25087
25182
25459
25214
25214
25365
25425
25844
24939
25674
25104
25038
25103
25517
25547
25302
25277
25828
25091
25576
25038
25756
25053
25195
25889
25250
24959
25631
25267
25810
25093
25797
25782
25204
25565
25066
24902
25584
24941
25835
25208
25544
25679
24968
25041
25374
25664
25536
25059
24914
25159
25266
25013
25319
25534
25282
25782
25184
25067
25668
25772
25851
25000
25869
25642
25788
25759
25231
25055
25215
25663
25151
25007
25756
25025
25651
25470
25700
25669
25704
25651
25573
25168
25897
25089
25769
24988
25497
25845
25513
25104
25637
25175
25621
25895
25887
25593
25411
24914
25606
25900
25364
24986
25293
24919
25533
25471
25424
25519
25537
25043
25513
25824
25159
25122
25194
25527
25282
24918
25537
25125
25284
25069
25737
25376
25033
25327
25188
24915
25740
25209
24968
25467
25133
25222
24918
25508
25436
25876
25041
25738
25216
25507
25587
25010
25195
25462
25242
24930
25540
25577
25889
25803
25442
25045
25601
25262
25661
25473
25389
25131
25707
25746
25255
25157
25325
25313
25899
25171
25810
25084
25797
25174
25436
25786
25311
24939
24917
25418
25754
25223
25770
24932
25590
25635
25535
25470
25475
25512
25357
25591
24973
24967
25630
25730
25213
24974
25206
25811
25026
25139
25237
25829
25810
25362
25629
25725
25111
25614
25717
25542
25863
24931
25353
25829
25873
25141
25191
25849
24948
25177
25349
25057
25280
25810
25236
25746
25822
25059
25279
25438
25264
25274
25865
25546
25880
25185
25459
25852
25585
25467
25268
25889
25484
25711
25719
25899
25067
25202
25894
25244
24905
25640
25720
25068
25452
25519
25112
25649
25537
25409
25673
25413
25450
25759
25580
25280
25578
25680
25590
25183
25020
25347
25823
25114
24974
25838
25453
25833
25650
25120
25519
25424
25796
25859
25342
25328
25882
25662
25776
25298
25207
25686
25637
25504
25619
25251
25324
25020
25490
25198
25731
25782
25740
25533
25275
25867
25388
25799
25309
25688
25330
25092
25391
24999
25460
24972
25448
25389
25817
25798
25734
25144
25858
25554
25515
25181
25786
25595
25097
25652
25895
25842
25698
25085
25562
25507
25508
25356
25021
25676
24998
25340
25633
25609
25476
25672
25097
25373
25019
25744
25420
25586
25090
25249
25736
25750
25132
25327
25088
25865
25352
25205
25097
25255
25856
24969
25164
25383
25758
25073
25170
25864
25608
25584
25700
25516
25296
25018
25126
25443
25886
25788
25268
25208
25385
25259
25768
25541
25696
25064
25169
25625
25344
24932
24939
25717
25210
24996
25675
25141
25864
25619
25449
25844
25293
25238
25088
25488
25381
25380
25422
25229
25608
25499
25548
25516
25622
25040
25483
25422
25762
25204
25688
25880
25478
25882
25054
25370
25541
25819
25642
25077
25009
25249
25431
25780
25187
24946
25591
25102
25551
25136
25570
25467
25307
25725
24996
25042
25161
25234
25466
24957
25601
25397
24926
25510
24902
25120
25584
25177
24936
25494
25684
25056
25846
24947
25528
25687
25352
25717
25450
25075
25806
25327
25274
25530
25434
25357
25588
25047
25211
25839
24932
25804
25062
25265
24949
25488
25810
25309
25701
25785
25173
25767
25244
25575
25261
25160
25756
24908
24908
24902
25704
25777
25180
25861
25637
25256
25897
25064
25030
25288
25318
25302
25663
25841
25105
25405
19412
19541
18962
19023
19699
18985
19425
19370
19506
18974
19567
19628
19201
19823
19602
19155
19271
19787
19692
18984
19543
19626
19757
19336
19741
18894
19204
19770
19871
19033
19738
18979
19294
18958
19868
19880
19389
19057
19744
19576
19075
19356
19625
19532
19515
19246
19858
19717
19373
18889
19516
18888
19823
19135
19808
19124
19142
19201
19100
19574
19624
18977
19860
19082
19695
19738
19612
19124
19732
19803
18927
19117
19819
19420
19037
19649
19719
19797
19455
19418
19649
19089
19544
19597
18981
19654
19740
19600
19067
19366
18906
18979
19454
19719
19311
19380
19204
19847
19259
19021
18909
19112
19250
19596
18994
19504
19876
19064
19351
19768
19746
18889
19153
19135
19077
19619
19754
19495
19247
19273
19389
19134
19500
19864
19321
19539
18974
19586
19684
18949
19209
19054
19031
19758
19180
19757
19871
19600
19838
19145
19244
19811
19808
19691
19030
18955
19620
19718
19513
18892
19824
19301
19046
19584
19611
19589
19539
19139
19385
19285
19109
18970
19651
19121
19160
19624
19562
19243
19356
18907
19211
19401
19688
19297
19417
19204
19191
19192
19670
19258
19286
18945
19873
18898
19868
19204
18957
19321
19551
18934
19206
19172
19719
19553
19420
19269
19659
19631
19608
18932
18932
19434
19273
19546
19354
19453
19257
19640
19676
19203
19660
19382
19609
19554
19519
19338
19336
19650
19584
19309
19317
19335
19784
19859
19554
19331
19761
19863
18898
19881
19166
19032
19174
19789
19103
19389
19518
19829
19262
19711
19002
19568
19869
19214
19054
19804
19149
19556
19638
19148
18887
19538
19844
19125
19665
19062
19173
19030
19664
19353
19554
19045
19114
19643
18930
19216
19227
19536
19846
19442
19368
19068
18987
19170
19028
19519
19628
19514
19362
19554
19563
19810
18960
19284
19722
19865
18888
19357
19245
19055
19176
19565
19826
19441
19573
19458
19592
19819
18951
19361
19056
19562
19025
18983
19722
19868
19866
19040
18915
19551
19725
18903
19048
19339
19588
19547
19160
19349
19267
18959
19538
18934
19731
19260
19510
19758
19152
19186
19190
19023
19625
19582
19078
19849
19674
19590
19099
19279
19494
19516
19221
19429
19029
19179
19134
19804
18883
19675
19094
19691
19081
19117
19557
19245
18894
19489
19120
19795
19256
19805
19507
19158
19325
19664
19659
18986
18942
19090
19717
19203
18959
19061
19583
19087
19674
18922
19301
19362
19245
19347
19220
19391
19777
19407
19107
19386
18993
18942
19773
19755
19295
19323
19562
19542
19229
19153
19624
19095
19511
19174
19398
19697
19115
19665
19256
19303
19755
19167
19668
19228
19145
19464
19240
19356
19777
19014
19759
19052
19810
19056
18934
19131
19525
19712
19215
18933
19492
19289
19829
19787
19704
19464
19127
19495
19436
19280
19850
19204
19519
19598
18884
19182
19166
19515
18955
19850
18945
18908
19845
19493
19154
19602
18937
19512
19169
19582
19448
19026
19535
18907
19342
19165
19636
19747
19222
19618
19498
19265
19441
19262
19208
19271
19338
19863
18918
19401
19753
19227
19610
19734
18996
19149
18945
19106
18954
19742
18893
19484
19660
19094
19210
19400
19657
19661
19061
19220
19289
19034
18899
19095
19318
19753
19396
19039
19803
19391
19000
19136
19025
19680
19660
19720
19603
19644
19513
19662
19327
19609
19835
19070
19788
19740
19694
19466
19385
19384
19054
19322
19086
19005
19467
19556
19206
19495
19228
19204
19116
18921
19061
19345
19480
19840
19719
19589
19127
19029
19833
19691
19333
19237
19064
19419
19292
19312
19241
19519
19526
19295
19236
19581
19354
19491
19170
19802
19637
18897
19543
19003
19246
19853
19311
19410
19339
19593
19100
19086
19138
19115
18924
19859
19443
18905
19595
19278
18992
19785
19280
19295
19374
19083
18986
18927
19770
19187
19073
19036
19828
19032
19151
19851
19819
19576
19482
19811
19679
19222
19250
19587
19724
19214
19030
19345
19738
19282
19733
19151
19003
19122
19659
19002
18913
19160
19445
18970
19742
19003
19641
19599
18958
19377
19678
19539
19578
19017
19586
19516
18956
19101
19431
19121
19347
19722
19798
19813
19389
18901
19755
19183
19062
19296
19496
19045
19791
19782
19183
19231
18923
19115
18931
19566
19562
19142
19615
19308
19878
19490
19437
19409
19618
19404
18927
19394
19868
19109
18903
18975
19850
19356
19694
19613
18886
19586
19313
19506
19248
18999
19695
19591
19298
18953
19181
19485
19731
19131
19380
19146
18971
19072
19839
18947
19134
19248
19572
18966
19477
19295
19293
19264
19827
19673
19842
19802
19635
19209
19535
19480
19353
19613
19722
19849
18907
19749
18903
19435
19813
18966
19736
18976
19055
18978
18889
19215
19091
19632
19475
19861
18998
18915
19323
19424
19176
19881
18936
19692
19330
18936
19083
19830
19276
19196
18944
18907
19146
19282
19652
18982
19585
19500
19809
19814
19144
19842
18988
19686
19017
19129
18977
19819
18927
19587
19307
19052
19240
19632
19787
19099
19268
19706
19319
18903
19829
19545
18897
19810
19148
19397
19089
19110
18981
19580
19470
19040
19829
19059
19131
18911
18915
19694
19226
19435
19456
19851
18920
19505
19236
19329
19599
19353
19708
19384
19443
19406
19493
19170
19509
19574
19533
19417
19698
19076
19653
19799
19859
19411
18987
18962
19665
18948
19688
19669
19055
19008
19116
19665
19007
19651
19596
19046
19657
19812
19420
19531
18894
18935
19076
19769
19177
19427
19733
19709
19127
19855
19365
19746
19748
19285
18895
19031
19524
19672
19858
19173
18949
19815
19796
19684
19362
19172
19609
19507
19455
18959
19151
19086
19235
19024
19220
19537
19862
19338
19204
19360
19635
19040
19322
18886
18998
19256
19553
19004
19667
19441
19569
19005
18988
18889
19028
19219
19881
18936
18985
19114
19001
19439
19696
19781
18899
19451
18974
19474
19685
18980
19694
19419
19224
18903
19070
19648
19213
19010
19735
19032
19695
19318
18999
18945
18972
19196
19853
19066
19051
19040
19833
19556
19058
19700
19464
19072
19379
19657
19298
19545
19356
18958
19711
19310
19061
19553
19859
19461
18896
19233
19795
19063
19875
19271
19166
19087
18987
19390
19291
18934
19670
18926
19452
19446
19122
19339
19511
19671
19261
19633
19286
19622
19392
19615
19362
18989
19275
19675
19648
19097
19860
19477
19324
19663
19434
19840
18971
19239
19207
19080
19775
19156
18902
19330
18882
19036
19776
19138
61981
62285
62535
62418
61722
62438
62120
62234
62286
61961
62571
61754
62501
62363
62024
62275
62313
62303
61880
62362
62242
62244
61656
61710
62399
61853
62461
62396
61646
61837
61752
62074
61794
61667
61951
61976
62375
61943
61862
61609
61696
62354
62446
62233
61731
62351
62081
62276
61880
62300
62049
62468
62324
62582
61834
61831
62573
62129
62073
62086
62132
61838
61716
62362
61958
62352
61810
61626
62534
61864
62254
62185
62270
62015
61735
62004
62508
62515
61908
61799
61798
61802
62337
62105
62098
62209
62528
62557
62320
62320
62193
62487
61806
62557
62129
61610
61829
62211
62484
62267
62559
62096
62048
62564
61639
61771
62575
62373
62603
62381
61974
62004
62406
62580
61902
61640
61791
62418
62506
61838
61912
61904
61900
61613
61890
61709
62441
62042
61741
62231
61692
62333
61761
61655
61795
62024
62374
62387
61960
62171
61996
62150
61702
61968
61801
62097
61624
61875
62568
61783
61825
62533
61651
62016
61766
61787
61919
62333
62116
62021
62584
61609
62005
61792
61791
62510
61767
62332
62218
62317
62103
62604
62225
62525
62356
61939
62148
62126
62401
62068
61823
61926
61832
61637
61926
61961
62132
62137
62080
61848
62586
62256
61933
62263
62242
61840
61720
62256
62392
61855
62212
62442
62469
61747
61760
62090
62298
62577
62338
62021
62496
62054
61938
62097
62381
61617
62472
61616
62089
62274
62049
61824
62399
62049
62073
61976
61810
62052
62159
62531
62542
62133
62095
62085
61990
61837
62401
62072
62415
62517
62386
62501
61821
61913
62244
62489
61678
62121
62315
62073
62259
62217
62462
61686
62000
62208
62492
61637
62291
62504
62240
62013
62159
62516
62078
62066
61969
62025
61684
62158
62534
62216
62202
62377
62332
62235
62448
62139
61867
62076
61912
61736
61724
61697
62386
61692
61668
62198
62105
61753
62008
62424
61643
62576
61817
61841
62501
62461
62079
62185
61771
62349
61801
61751
62414
62100
61754
61792
61943
62261
61606
62376
62505
61774
62088
61928
61827
62124
61781
62265
62560
62210
62320
61939
62420
62235
61759
61909
62193
61618
61759
62389
62546
62424
61731
61840
62119
62040
62531
62202
61709
62261
62541
62380
62006
62212
62546
61790
61731
62476
62364
62091
61918
61759
61679
62067
61840
61781
62368
61967
61775
61651
62323
62489
62220
62410
61734
62529
61864
61891
62275
62384
62604
62072
62446
61932
61834
62460
62267
62050
62033
61837
61875
62173
62008
62243
62073
61650
62299
61616
62486
62070
62072
62431
62435
61956
62296
62315
62201
62334
61790
61714
62463
62580
62412
61897
61876
61817
62323
61627
62380
62443
62111
62502
62579
61808
62551
61636
62238
62258
61823
62365
62326
61803
62473
62554
62224
61833
62393
62539
62269
61760
62312
62202
61643
62206
62544
62039
62213
62367
62472
61958
61853
61977
61877
62589
62275
61650
61887
62383
62415
62523
61743
62038
62472
62321
61726
61694
62084
61952
62047
61902
62001
61653
61780
62235
62177
61692
62069
62124
62128
62511
62069
62239
62436
62099
62002
61637
62276
62011
62453
62463
61776
62234
61863
61950
62025
61718
62205
61853
62502
62369
62475
61911
61992
62457
62103
62250
62176
62369
62350
62286
62327
62071
61811
61998
61783
61743
62460
61925
62089
62577
62288
62229
62516
61777
62325
62480
62093
61907
62276
62495
62146
61934
62062
62591
62355
61897
61684
61871
62370
62001
62593
61810
62561
62095
62373
61629
62544
62172
61777
62389
62082
61608
62503
61692
61667
62015
62005
62427
62153
61798
61876
61835
62367
62135
61919
61896
62244
61830
62160
61619
62081
61672
61663
62079
62072
62493
62056
61854
62191
61648
61758
61837
61702
61937
61805
62406
61900
62315
61634
62226
61666
61999
62513
61984
62401
62229
61670
61813
62245
61626
62284
62550
61857
61827
61881
62260
62183
62119
62399
62173
61687
61767
61809
62467
61837
62194
61995
61989
62132
62549
61793
62484
61650
62026
61860
61717
62148
61822
62255
62538
61982
61668
62056
61932
62479
62010
61703
61912
61985
62377
62480
62180
62011
62185
62590
62120
62474
62457
62337
62064
62082
62598
62306
62079
61731
61907
61901
62391
62035
61849
61629
62520
61869
62109
61697
61732
61701
61773
62111
61947
62262
62085
62590
61812
62269
62472
62101
62521
61980
62290
62522
61849
61812
62393
61812
62462
61925
62269
62382
61995
61704
61730
61632
62430
62439
61956
62478
61926
61692
62154
62128
61827
62402
61820
62216
61966
62138
62043
61738
62374
62239
62066
62037
62007
61757
62529
62461
62538
62586
62142
62256
62117
61607
61781
62366
61888
62220
61787
62234
61683
61666
62065
62029
62197
62494
61922
62196
61863
62135
62064
61911
62037
62189
62513
62451
62292
62016
61927
61965
62373
62341
62438
61911
61793
62114
61778
61688
61920
62135
61997
62424
61882
62009
61867
62082
62232
62550
61872
62551
62111
62221
61857
62336
62301
62364
62493
61738
62441
62100
62430
61947
62011
62561
62444
61954
62579
61989
62407
62052
62455
62060
62069
62037
62204
62086
62428
62218
61653
61892
62129
62468
62065
61824
61759
61725
62137
61952
61961
62537
61981
62040
62351
61743
61604
62515
61622
61916
62175
61628
61977
61867
61744
61620
61953
61951
62381
62531
62451
61962
62315
61827
61817
62148
62435
61821
62113
62569
62553
61908
62036
61860
62004
62413
61794
62564
62137
61691
61875
62003
61897
62164
62060
61881
61638
61855
62153
62597
61793
62115
61844
62067
62283
61753
61642
61802
62036
61987
62157
62130
62544
61950
61804
62551
62263
62042
62191
62432
62101
62151
61785
62440
61858
61805
61677
62216
62085
62002
62201
61612
62232
61846
61754
61920
61906
62322
62205
62435
61743
61665
61732
62569
61787
61806
61630
62384
62137
62180
62338
61744
62324
62344
62368
62455
61644
61952
62078
62266
62273
62267
62499
61661
62454
62291
62034
62056
62184
62015
62472
61843
62443
61968
61889
62317
61870
61913
62232
62553
62265
62377
61984
61670
62132
61726
62356
62492
61876
61768
62183
62014
62291
62571
62343
62165
62152
62566
62345
62590
62556
62105
62070
62165
61893
62420
62036
61731
61786
62083
61655
62429
62323
62386
61779
61758
62164
61943
62555
61618
62056
62506
62594
62585
62091
62476
62125
62166
61620
61667
61749
62398
62285
62230
61621
62584
61697
61974
62002
62385
62513
61998
61815
62485
62081
62233
62370
62425
62309
61928
62571
53664
53959
54178
54314
53643
53581
54515
53926
53871
54405
53822
54492
54487
54031
53899
54026
54258
54007
54247
53971
54061
53794
53720
54369
53985
54498
54439
54173
53675
54151
54385
54268
54131
54172
54451
53822
54040
53702
53808
53543
53549
54408
53787
54487
54278
54225
53544
53549
53920
54487
54515
53961
54385
54265
54280
54232
54166
54485
53769
54057
54453
54083
53903
53736
54311
53932
53770
54262
53790
53789
54416
54390
54118
53724
54314
54218
54438
53576
53796
53801
54527
53886
54119
54340
53743
54181
54442
54379
54415
54188
54483
54512
54115
54327
53955
53803
53600
54443
54215
54051
53766
53930
54133
54049
53579
54446
54069
53714
54518
53620
54174
54496
54496
54131
54196
54262
53649
54293
53778
54331
54482
54270
53635
54314
53965
54055
53849
54447
53665
54314
54396
54347
53769
54511
53950
53668
54513
53965
54052
54176
53867
54177
53562
54301
53751
53692
53831
53723
54489
54489
53725
53703
53778
54143
53818
54109
54323
53803
53914
54369
54242
54397
54381
54343
54380
53711
53955
54461
54187
54185
53554
53799
53560
54221
53725
54362
54392
54129
53671
53658
53834
53728
54036
53740
53543
53629
54126
53761
54359
54433
53895
53759
53995
54063
53768
53544
53553
54267
53899
54306
53551
53760
54155
54287
54144
54351
54272
53960
53764
53928
53685
54425
53762
53868
54177
53960
54026
53563
54510
53576
54384
54394
53629
53878
53745
54455
53600
53829
53734
54410
53980
53940
53654
53732
54504
54268
53813
54200
53702
53982
53670
53751
53625
54116
54364
53842
53782
54295
54319
53580
54440
54270
54433
54082
54373
54538
54388
53800
54276
54372
53696
54232
54272
53552
53628
54289
54495
54230
54484
53680
53870
54437
53918
54532
54026
53722
54296
53591
53819
53908
53690
54398
53793
54340
54015
54103
53820
54493
54466
53934
54242
53842
53785
54382
53543
54303
54193
54492
54420
54011
54506
54530
54070
53891
54190
53600
54029
53653
54300
53968
53870
53698
53544
53774
54067
53970
54406
54025
54072
53968
54006
53987
54305
54419
53619
54273
54188
53582
54273
53755
53725
54325
53989
54273
53710
54356
54179
54403
54101
54334
53570
54039
54354
54303
54415
54094
53790
54052
54291
54315
53782
53891
53987
54445
53660
54012
53656
54021
54424
54345
54259
53612
53804
54030
54388
53992
53620
53799
53599
54426
54272
54306
54541
53830
53842
54242
53785
53916
54494
53673
53940
53900
54258
54273
54143
54164
53634
53626
53727
54015
53843
54355
54337
54190
53751
54463
54484
54200
53941
54119
54227
53912
53887
53726
54175
53686
54238
54141
54157
54143
53782
54173
54449
53871
53756
54506
53767
53723
53965
53937
54501
54361
53859
53771
54299
54015
53840
53892
53900
53566
54460
54121
54280
53696
54529
54236
54048
54043
53725
53917
54105
53881
53668
53971
53698
53637
54522
54175
53609
53693
53610
53967
53647
53857
54195
53781
53568
54326
54367
53573
53895
54155
53697
53966
54055
53643
53839
54099
54065
54178
53929
54098
54132
54480
54326
54163
53702
54391
53905
54514
53896
54411
54308
53754
53855
53543
54198
53999
54274
53912
53970
53779
54465
53744
54043
54360
54232
53586
53721
54011
53968
53996
53906
54504
54176
53745
54362
54090
54016
53592
54147
54159
53663
54303
53979
53904
53907
54116
54000
54202
54362
53733
54064
54462
54416
53927
54206
53872
54248
54031
53587
53550
53566
54355
54355
54308
53771
53713
53751
54404
53881
53677
53837
54308
54519
53958
53595
54262
53963
54158
53938
53846
53809
53754
53940
53659
53877
53828
53964
54051
54527
54341
53976
54201
54315
54399
54185
54038
54027
53565
54401
54334
54396
53836
54216
54301
54530
54481
53957
54415
54275
54301
54146
54154
53869
53606
53640
53819
54086
53591
53564
54385
54379
53661
54332
54093
54513
53731
53594
54111
54197
54433
53650
54122
53604
54180
54443
54152
54267
54360
54523
54298
53769
54427
54359
54457
54000
53919
53903
53976
54517
54477
53870
54085
53663
53883
54185
54090
53658
54074
53882
54058
53985
54239
54376
53867
54118
54229
54154
53894
54212
54421
53964
53869
54402
54293
54094
53720
54417
54034
54138
54175
54453
53649
53800
53798
54456
54482
54517
54472
54301
54229
54018
54328
54311
54451
54211
54377
53856
54339
54494
53869
54176
54358
53566
54020
54405
54376
54439
54436
54393
54399
54503
53947
54029
54321
53550
53893
54453
54502
54066
53986
54419
54333
53614
54172
54004
54129
53545
53764
53546
53881
53708
54498
53664
53832
54074
53782
53794
53615
54085
54231
54484
54504
54097
54500
54281
54188
53859
53705
53552
54038
54136
54419
53724
54429
54320
53960
53655
54052
53998
53580
53728
54198
54242
53686
53760
53944
53773
53633
54400
54171
54509
53844
54076
54528
53957
53786
54280
54248
53735
54004
53953
53634
54192
53735
53701
54103
54191
53770
54531
54188
53809
54424
53953
54495
54194
53892
53977
54255
54182
54078
53987
53855
54180
54361
53825
53577
53585
53606
53640
54480
53635
53996
54400
54146
53907
53737
54279
54390
54269
53613
54170
54447
53677
54341
54034
53740
54098
54209
54066
53907
53592
53861
53985
54211
54270
54012
53546
54380
54197
53913
53587
54174
54293
54223
53772
53975
54131
53875
54471
53954
53624
54052
54339
54108
53724
54506
54452
54096
54511
54325
53610
53894
53994
54108
53828
54160
54515
54008
54287
54268
53583
53818
54506
54293
53697
54330
53606
53595
54275
53732
54375
54489
53681
54345
53747
53962
54016
53997
53929
53960
53547
54202
53865
53717
53788
53989
53590
54238
54072
53736
54439
53989
54298
54103
53990
54525
53823
53546
54312
54016
54421
53559
54163
53862
54280
54260
53861
53573
53577
54262
53910
53734
53942
53587
54379
54505
53817
54085
54511
54468
54238
54312
54511
54034
53739
54192
53790
54158
53840
53629
54486
53854
53870
54398
53887
53787
53609
54506
54167
54305
54460
54033
54040
53733
54395
54436
53703
53802
53856
54456
54349
53975
54446
53694
53943
54164
54040
54409
54521
54242
54028
53630
54137
53576
53764
53924
53840
54202
53809
54052
54457
54241
53587
54276
53762
53972
53697
54380
54009
54042
54357
54110
54524
54027
53743
53713
53678
54299
53663
53797
54113
53571
54437
53737
54142
53585
53824
54064
54448
54161
54486
54484
54353
54089
54286
53669
54039
54157
54019
53933
54195
53614
53934
54291
54466
54076
54422
54100
23376
22907
23221
22881
22837
22809
23413
23608
23501
23395
23299
22734
22712
22756
23142
23667
23694
23228
22998
23373
22827
23573
23201
23085
23642
23218
23415
23597
23340
23067
23558
23106
23685
22837
23682
23645
23620
23636
23141
23062
23060
23529
23248
23683
23285
23568
23056
23288
23019
22877
22863
23290
23046
23049
22746
23373
22735
23254
23621
23180
23457
22751
23348
22742
23478
22950
22924
23392
23447
23430
23134
23258
23288
23531
22863
23621
23418
23538
22936
22800
23421
23021
23230
23498
23513
23365
22887
23561
23429
23687
23157
23295
22715
22708
22732
22909
23054
23191
23369
22719
23004
23618
23108
22918
22716
23455
23634
23369
23625
23461
23695
22798
22837
23118
23629
22745
23509
22811
23368
22950
23306
22823
23545
22880
22963
22869
23585
23581
22886
23292
23125
22813
22761
22946
23507
22937
23082
22910
23303
23235
23423
23045
23200
23650
22731
23234
22942
23065
23078
22717
23678
22780
23523
22774
22886
22800
22980
23010
22849
23170
23480
23111
23434
22755
23516
23502
23659
23210
23689
23508
23580
23551
23405
23249
23111
23683
22857
23319
23690
22916
23437
22705
22993
22989
23320
23012
22794
22977
23138
23573
23600
22719
23483
23606
22877
22932
22988
23455
23178
22968
23419
23306
23441
22955
22877
22732
23508
23510
23037
22836
22965
23289
23446
23539
22814
22997
22979
23528
23633
22888
22744
22933
22877
23206
23059
23531
23060
22912
22891
23526
23574
23684
23438
23241
23517
22846
22902
23566
23211
22936
23442
23512
23247
23610
23148
22780
23024
23326
23340
23677
22940
22943
23229
23040
23354
23011
23326
23431
22747
23445
22753
23549
23139
23189
23024
23268
23008
23292
23063
23055
23282
23312
22885
23569
23444
23168
22928
23189
23323
22911
23651
23223
22778
23238
23495
23358
23336
23549
23188
23051
23342
23535
23154
23259
22886
23619
23073
22925
23471
23540
23454
23345
23312
23322
23096
22954
23600
23501
23038
22826
23598
23050
23410
22907
23021
23319
22747
22733
22948
23255
23270
22703
22991
23300
22981
23629
23604
23343
23047
23178
23632
23003
22951
22889
23407
23031
23104
23302
23632
23421
23449
23062
22768
23506
23280
22875
23643
23507
22929
23137
23679
23314
23034
23650
23425
22920
23496
23645
22699
23134
22915
22844
22745
22975
22919
23575
23692
23507
23130
22892
22772
22829
23412
23295
23598
23166
23363
23248
22862
23614
23512
23446
22956
22705
22983
23164
23452
22944
23677
22786
23166
22947
23036
22803
23163
23280
22801
23103
23446
22908
23030
22790
23236
23030
23581
23417
23605
23328
22800
22903
23493
23619
23193
23665
23276
23112
23569
23608
23497
22806
23563
22986
22774
22811
23005
22773
23350
23482
22721
23606
22871
23495
22984
23510
23120
23091
23388
22917
22898
23449
22757
23531
23024
22860
23180
23314
22830
23064
22787
23166
23424
23244
22791
23400
23502
22981
22753
23336
22961
22719
23440
23266
23416
23121
23202
22895
22943
23252
22828
23620
23242
23651
22855
23159
23186
23077
23567
23523
23626
23207
23407
23646
22791
23537
23171
23626
23410
23225
23525
23075
22834
23515
23272
23083
23655
23015
22870
23457
22871
23311
23582
23552
23193
23641
23280
23297
23625
22707
22812
23346
23233
22767
23503
22749
23527
23074
23655
22720
23528
22977
22918
22778
23292
23469
23171
23070
23500
23209
22925
23641
23295
23333
23102
23399
22914
23120
22858
22876
23627
23587
23570
22923
23452
23026
23166
23496
23692
22862
22708
22827
23021
23210
23084
22868
22809
22984
23083
23576
22814
22982
23330
23270
23170
23569
23024
23251
22754
23511
22721
22872
23279
23404
23222
23375
23441
22708
22715
23483
23144
23255
23587
23001
22704
22824
23168
22720
23619
23456
23259
23288
23526
23476
23656
23260
23275
22901
23224
22876
23136
22997
23666
22746
23644
22874
23356
23106
23402
23282
22943
22970
23063
22882
23047
22741
23554
23545
22985
22965
23063
22702
23159
23477
22760
22815
23444
22858
23534
23473
23630
23150
23275
22941
22811
22798
23631
23638
23545
22895
22803
23369
23210
23167
22801
22730
23568
23665
23152
23167
22994
23585
23560
22765
23532
22957
23324
22864
23380
23100
23106
23032
22931
23299
22731
23581
23675
23300
23414
22892
22711
22919
23075
22850
23631
23593
23534
23245
23530
22706
23109
22695
23385
22893
23296
22893
23000
22914
23476
23204
23063
22985
23132
23123
23500
23384
22733
23481
22855
22816
22952
23157
23664
23673
23590
23369
22806
23285
23065
22932
23206
23241
23232
22718
23311
23643
22883
23017
23465
22867
23303
23490
23588
23000
23311
23489
23105
22869
23291
23540
23651
23058
22956
23389
23602
23529
23245
23089
23531
23114
23188
22855
23193
23025
22829
23522
23609
23201
23252
23676
23093
23514
23137
23321
23230
23426
23634
23125
23394
23239
22744
22953
23176
23338
22839
22896
22781
23619
23034
23163
23281
23574
23596
22973
22930
23082
23615
23506
23685
23506
22864
23254
23369
23268
23443
22846
22705
23183
23202
23102
23353
23028
22776
23628
22976
22855
23191
23478
23235
23350
23594
22995
22738
23207
23064
23065
22870
22807
23184
22909
23428
23201
22860
22793
23077
23056
23297
23527
22720
23207
23150
23668
22769
23527
22919
23493
23085
23254
23280
22775
23096
22923
23055
23589
23376
22977
23132
22996
23455
23611
23681
22849
23148
23134
23192
23394
22702
23430
23446
23332
23513
22981
22808
23612
23029
23168
23140
23339
23491
22954
22764
23663
23561
23027
23240
22734
23662
23283
23607
23332
23427
23662
23408
23153
23605
23091
23257
23459
23558
22958
23632
23562
23671
23540
23035
23638
23470
23683
23486
22987
22830
23243
23318
22819
23526
23551
22926
22698
22805
23469
23185
23418
22888
22877
22876
23256
23434
23154
23277
22831
23065
22995
23439
23079
23081
23091
22811
23243
22770
23155
23502
23215
23351
23503
23013
23184
23653
23034
23362
23162
22705
22912
22884
22949
23213
23134
23070
22980
22715
22782
22838
23323
23168
22938
22777
22870
23360
23612
23109
23546
23529
22765
23098
22897
23402
23188
22925
23095
23534
23061
23540
22819
23432
23624
23644
22770
23359
22864
23233
22720
22938
23663
22838
22879
22984
23116
22830
23011
23318
23051
23617
23374
23245
22753
23061
23676
23065
23062
23136
23076
23242
22780
23401
23299
23051
22917
23250
23246
22704
22972
23327
23218
37170
37884
37559
37785
37725
37213
37044
37047
37340
37888
37811
36893
37535
37666
37330
37700
37399
37162
37162
37791
37560
37526
37476
37729
37403
37854
37414
37178
37861
37885
37884
37132
37657
37242
37796
37409
36950
37199
37216
37166
36928
37547
37113
37162
37549
37194
37196
37508
36985
37262
37106
37494
37249
37242
37868
37325
37719
37376
37431
37087
36998
37654
37115
37275
37703
37164
37790
37052
37303
37706
36929
37484
36949
37674
36912
37132
37380
37433
37293
37833
37284
37289
37558
37531
37159
37745
37417
37115
37779
37574
37233
37861
36990
37104
37200
36899
37354
37715
37457
37383
36987
36971
37192
37529
37685
37212
37400
37440
37817
36963
37515
37703
36955
37004
37769
37386
37215
37452
37579
37597
36968
37079
37460
37812
37270
37743
37761
36933
36941
37294
36996
36941
37277
37266
37523
37276
37285
37451
36943
37094
37038
36931
37374
37695
37807
37126
37221
37811
37244
37722
37390
37335
37833
37566
37061
37038
37337
37403
37857
37797
36973
37260
37841
37342
37002
36906
37450
37786
37697
37837
37645
36981
36998
37708
37035
37867
37046
37143
37023
37600
37480
37328
37271
37691
37519
37527
37884
37270
37640
37857
37866
37036
36939
37475
36898
37317
37582
36960
37344
37576
36906
37389
36920
37047
37576
37161
37402
37458
37107
37077
37634
37003
37029
37408
37124
37576
37557
37348
37360
37282
37018
37120
37266
37035
37533
37572
37099
36963
37500
37868
37077
37818
37662
36951
37307
37082
37315
36957
37401
37346
37330
37113
37255
37091
37818
36964
37305
37094
37379
37549
37497
37720
37164
37236
37421
37667
37558
37733
37831
37857
37667
37842
37268
37298
37604
37061
37764
37042
37789
37003
37729
37156
37698
37004
37777
37181
37879
37749
37808
37787
37528
36975
37812
37483
37519
37051
37171
37093
36937
37643
37764
36912
37324
37526
37753
37804
37480
37099
36948
37593
37155
37880
37063
37384
37669
37364
37515
37266
37840
36950
37876
37285
37654
37115
37292
37048
37599
37695
37574
37066
37389
36943
36989
37427
37381
37598
37670
37096
37242
37194
36897
37158
37686
37245
37759
37306
37647
37049
37102
37001
37449
37668
37362
37226
37832
37036
37581
36908
37577
37106
37429
37113
37721
37488
37042
37340
37552
36991
37540
37273
36940
37650
37113
37252
37390
37529
37765
37763
37329
37791
37499
37876
37386
37100
37220
37777
37268
37401
37874
37719
37890
37508
37606
36998
37141
37145
37106
37344
37132
37279
37713
37755
37464
37259
36907
37835
37203
37636
37647
37501
37818
37610
37715
37619
36903
37694
37488
37438
37100
37309
36900
37521
37552
37798
37764
37121
36963
37289
36987
37319
37626
36990
36900
37090
37431
37636
37525
36895
37178
37309
37778
37350
37414
36965
37401
36992
37866
37483
37721
37502
37328
37329
37491
37106
36939
37702
37820
37458
37517
37817
37649
37450
37592
37283
37257
37190
37404
37314
36980
37813
37405
37535
37164
37177
37713
37853
37249
37703
37506
37036
37397
37826
37191
37576
37795
37864
37387
37022
37667
37693
37557
37131
36927
36937
37821
37022
36933
37806
37053
37108
37693
36941
37372
37053
37066
37719
37439
37201
37456
37296
37618
37348
37121
37853
37695
37180
37352
37409
37506
37604
37082
37880
37620
37178
37239
36988
37106
37711
37623
37624
37788
37201
37102
37456
36998
37845
37837
37789
37611
37087
37541
37081
37357
37503
36941
37028
37710
37309
37105
37859
37113
37629
37555
37648
37032
37744
37383
37280
37152
37012
36920
37732
37541
37479
37693
37434
36981
37404
37892
37886
37798
37685
37564
37223
36942
37499
37272
37384
37138
37786
37120
37155
37196
37170
37757
37809
36942
37273
37492
37544
37778
37664
37700
37475
37158
37777
37783
36976
37069
37508
37676
37841
37022
37799
37242
37353
36956
37061
37164
37606
37881
37778
37811
37688
36968
37756
37650
37015
37630
37300
36913
37150
37778
37161
37422
37133
37159
36906
37049
36975
37088
37314
37337
36934
37522
37766
37565
37562
37182
37733
37403
37591
37584
37389
37211
37577
37566
37607
37396
37078
37571
36965
37070
37785
37219
37245
37125
37690
37251
37891
37573
37734
37225
37268
37444
37887
37601
37591
37415
37602
37470
37737
37355
37473
36993
37002
37536
37005
37472
37239
37339
37486
37049
37040
37344
37358
37357
37313
37348
37052
37284
37050
37521
37846
36957
37419
37353
37099
37559
37349
37381
37726
37425
37108
37276
37709
37523
37785
37620
37701
36963
37072
37164
37554
37653
37730
37011
37326
37715
37828
37299
37287
37108
37527
37652
37178
37582
37349
37474
37114
37423
37843
37327
37300
37857
37586
37207
37099
36992
37128
37692
36929
37312
37656
37529
37224
37714
37425
37407
37704
37544
36960
36968
37355
37340
37187
36902
37410
37439
37028
37266
37107
37579
37858
37661
37087
37114
37155
37813
37074
37711
37147
37718
37707
37278
37561
37521
37752
37049
37062
37800
37814
37035
36907
37169
37171
37669
37352
37788
37777
37687
37293
37005
37061
37296
37397
37026
37707
37790
37254
37163
37127
37456
37851
37071
37479
37336
37887
37033
37441
37117
37105
37129
37133
37500
37285
37657
36925
37871
36894
37350
36901
37098
36918
37192
36981
37222
37090
37769
37278
37389
37435
37448
37364
37242
37728
36989
37864
37574
36973
37154
37303
37661
37132
37672
37244
37010
37702
37144
37255
37201
37866
37183
37667
36933
37028
37000
37470
37080
37554
37505
37230
37499
37684
37533
37523
37886
37481
37731
37372
36916
37759
37761
36902
36947
37455
36975
37858
37087
37662
37182
37320
37848
37483
37151
37745
37322
37788
37777
36977
37339
37530
37039
37322
36914
37799
37444
37226
37103
37070
37811
37406
37715
36915
37738
37719
37508
37026
36949
37477
37886
36910
37794
37567
37380
37186
37097
36975
37546
37520
37878
37073
37067
37671
37431
37376
37394
37494
37192
36928
37553
37298
37289
37553
37652
37732
36965
37273
37808
37323
37019
37466
36957
37274
37467
37725
37693
37691
37649
37079
37892
36928
37178
36943
37692
37072
37841
37467
37871
37718
36991
37501
37770
37252
37394
37074
37019
37135
37621
37819
37095
37138
37345
37196
37796
37857
37341
37727
37575
37232
37170
37191
37617
36979
37340
37886
37298
37644
37545
37198
37253
37020
37373
37085
37516
37209
37668
37666
37495
36911
37582
37634
36957
37041
37570
37270
37580
37250
37640
37712
55536
55480
54865
55327
55066
54762
55272
55395
54961
54978
55580
54949
54812
55105
55677
55421
54735
55612
55645
54739
55641
54819
55165
55092
55492
55104
54736
55211
55454
55007
55511
55611
55143
55005
55410
54773
55037
54835
55437
55439
55514
54886
54767
55016
55371
54713
55391
55423
54873
54808
54708
55565
55093
55627
54724
55312
54981
55514
55611
55118
55366
55664
55319
55642
55461
55319
55252
54724
54923
54862
55580
54971
55401
55301
54823
54829
54770
54791
55100
54809
55287
55300
55042
54755
55077
54927
55020
55214
54792
55326
55466
55366
54796
55086
55304
55511
55071
55013
55487
55272
54908
54834
55478
55689
55343
54895
55553
54843
54885
55053
55630
54723
54806
54855
55112
55379
55461
55325
55685
55324
55692
55386
55012
54763
55314
55663
54784
55229
55180
54749
55580
54789
55120
55321
55374
55189
54970
55498
54746
55110
55338
54949
54986
55244
55557
55313
54883
54873
55585
55178
55477
55039
55189
55138
55574
55223
55654
55647
55397
55517
55373
55563
54949
54864
55128
55206
54939
55627
55118
55546
55081
54918
55494
54951
55635
55090
55212
55079
55050
55441
55226
55117
54804
55606
55005
55308
55606
54989
54814
55053
54775
55462
55689
55497
55473
55523
54944
55542
55272
55556
55493
55156
55437
55469
54862
54924
55220
55481
55358
54876
54771
55694
55602
55175
55090
55111
55193
55483
55403
55246
55364
55362
55679
54868
55665
54726
55661
55152
55427
55303
55132
54744
55544
54790
55455
54955
54761
55367
55235
54974
55593
55053
54846
54955
55294
55028
55493
54992
54825
55468
55235
54832
55540
55011
55479
55329
54966
54853
55245
55640
54857
55275
55351
55702
54973
55207
54980
54776
55511
55003
54839
55313
54855
55519
54815
55383
55024
54737
55500
55606
55023
54781
55050
55469
55605
55050
55450
55036
54984
54989
54949
55217
54943
55436
54895
55299
55328
55334
54950
54897
54927
55303
54746
55228
55145
54976
55244
54896
55707
55296
55541
54736
54721
55149
55699
54923
54874
54720
54969
55085
55112
55405
54904
54717
55655
55408
55130
55351
55347
55274
55311
55219
55025
55635
55669
55332
55295
55430
55535
55358
55254
55254
54861
55550
55582
55394
55411
55372
55223
55319
55664
55613
55601
55098
54989
55292
55546
55404
54740
55639
55283
55701
55212
55701
55048
54762
55418
55589
55669
55110
55182
55456
55370
55278
55278
55664
55264
55197
55324
54880
55367
54731
55215
55584
55146
55645
54776
55192
55610
55351
55032
55565
55610
55409
54796
55605
54713
55691
55317
55633
54981
55294
55564
55038
54838
54824
54803
55633
55633
55521
55019
54729
55413
55248
55654
55316
55094
55118
55274
55652
55291
54928
55329
55141
55499
55317
54840
54902
54886
55446
55648
54981
55563
55175
55100
54774
55465
55129
55701
55111
55507
55035
55554
55637
55655
55603
55285
55386
54903
55677
54981
54855
55559
55666
54927
54954
55598
55398
55133
55521
55530
55582
54720
54913
54984
55275
54942
55153
55230
54791
55633
55592
54729
54737
55350
54788
54919
54764
55694
55122
54918
55380
54817
55180
55133
55655
55314
54921
55474
55184
55301
55261
55203
55029
55210
55392
55212
54895
55312
55201
55247
55222
54916
55610
55592
55568
55692
54992
55260
55581
54989
55171
55009
55167
55265
55280
55122
55386
54840
54972
55454
54951
54818
55468
54968
55455
54809
55430
55607
55097
55321
54797
54904
55397
55209
55635
55256
55378
55655
54727
54869
54854
55563
55649
54760
55126
55415
55164
54843
54948
55687
54936
55498
55297
55320
55004
54803
54788
54891
54834
55053
55245
55102
55323
55565
55125
55277
55183
54984
54798
55658
54788
55598
54832
55684
55543
55148
55370
55040
55517
54978
55333
55013
55678
54822
54745
54832
54947
55645
55626
54803
55553
55609
55426
55231
55436
55211
54900
55411
55105
55024
54922
55263
54717
54798
54822
55163
55146
55271
55050
55358
54929
55215
55052
55121
55359
54967
55534
55583
55528
55058
54894
54943
55626
54912
55604
55590
55127
55586
55628
54774
54832
55316
55498
55595
55345
54776
55445
54822
55372
54734
55097
55236
55537
54952
55544
55588
55010
55381
55495
54987
55307
55264
54736
55618
54878
55047
54722
55655
55024
54716
55008
55269
55299
54892
55438
55483
55295
55007
55177
55494
55400
55120
55666
55580
54987
55274
55458
55563
55272
54751
55273
55000
55482
54816
55075
55627
54752
55136
55351
54819
55119
55325
54988
55160
54928
54713
54916
55149
55392
55556
54748
55138
55347
55469
55615
55651
55290
55541
55195
55364
54969
54862
55340
55171
55089
54780
54919
55219
54953
55700
55184
55615
55459
55666
55171
54781
55053
55214
55480
54922
55646
55069
55185
55281
54868
54861
54774
54911
55053
54822
55237
55348
55331
54723
54708
55669
54999
55270
54882
55617
54750
55123
55658
54916
55446
54766
54892
54845
55139
55047
54716
55566
54854
55022
54867
55320
54758
55558
55662
54974
55113
55219
54798
55626
55164
54880
54740
55652
55296
54883
55330
54757
55312
55165
55571
54841
55304
55103
55295
55661
55645
55097
55089
55420
55685
55092
54993
55587
55137
55578
54898
55426
55503
55558
54999
54837
55675
55451
54802
55565
55216
54728
55641
55133
54750
55274
54813
55440
55697
55059
55360
55587
54945
54799
55194
55412
55098
55089
55377
55590
54946
55708
55203
55044
55578
55499
55708
55245
55508
54809
55519
54825
55259
55663
55349
55257
54960
55207
55591
55425
55388
55679
54797
54778
55694
55463
55228
54742
55169
55653
55167
55433
55178
55483
55234
55445
54730
55376
55596
54799
55167
55352
55554
55357
55248
54775
54795
55098
55033
55541
55324
54980
55302
55101
55472
55658
54968
55273
55199
55103
54983
55296
54809
55561
54879
55397
55296
55533
54848
54888
54928
54868
55102
55476
55699
55364
55432
54931
55357
55557
55557
54969
54931
55671
55507
55238
55632
54769
54896
54871
55029
54736
54992
54998
55702
55321
54790
55494
55547
55389
54789
55280
54761
54796
54713
55280
55406
55477
55252
54844
54773
55452
54874
55043
55175
55460
55593
55359
55497
55455
55295
55311
55455
55391
55485
55032
54984
55608
55395
54790
54784
55305
55039
55428
55549
55389
55086
55429
55622
55656
54823
54743
55399
55342
55431
55670
55144
55117
55174
55476
55130
55381
55080
54987
55655
55014
55210
55613
55319
55108
55089
54710
55067
55368
55484
55611
54929
55092
55034
7570
8137
8255
7636
7782
7728
8242
8088
8222
8383
7837
8151
7697
8384
8238
8384
8474
7593
8130
7759
8267
7771
7810
8391
7628
7958
7823
7944
8048
8264
8413
7893
7894
8118
7616
8215
7554
8262
7651
8064
7877
7804
7759
8393
8206
7962
7690
7530
7776
7863
7792
8088
7727
7659
7820
7849
8104
8429
8129
7863
7499
7866
7842
7668
7928
8472
7883
7995
7881
7666
7639
7613
7958
7937
7958
7566
7941
8297
8266
7756
8335
8488
7830
7784
7956
7934
8112
7705
7756
8017
8326
8192
8099
7593
8326
8057
7739
8422
7912
8377
7953
7617
7527
7500
8405
7620
7722
8025
7781
8208
8052
8268
8098
7559
8416
8386
7850
8161
7579
8203
7785
8074
8389
7722
7927
7596
8171
7989
8320
7682
8479
7616
7543
7815
7801
8081
7687
8266
8490
7690
7631
7967
8297
8043
8341
8301
8056
7660
7566
8007
7795
7610
8272
7536
7976
8245
7553
7624
7859
7858
8223
7941
8353
7671
8182
7664
7785
8253
7837
8371
7601
8104
7994
7682
7585
8367
7566
8354
8313
8257
7526
8458
7728
8361
8471
7906
8364
7932
8101
8145
8464
8416
7829
8397
7807
8008
7611
8313
7803
8015
8176
7606
8360
7651
7895
7878
8302
8161
7875
8370
7826
8042
8181
8251
7916
7775
8223
7539
7887
8436
7980
8010
8078
8108
8171
7895
8277
8079
8332
7583
7613
7911
8466
8306
7801
7666
8294
8243
8043
8027
8086
7948
8255
7985
7696
7553
8393
7698
8083
7699
8152
7742
7683
7615
7520
8086
7764
7916
7813
8101
7526
7714
8496
8448
8123
8212
8215
7746
8097
7585
8181
8451
8279
8245
7820
8164
8414
7605
8119
7768
8383
8062
8181
7753
8203
7769
7826
7885
8202
7529
7719
8126
8298
8178
7755
8228
8397
8361
8064
7684
8296
8210
8339
8220
8299
7820
8455
7855
7713
7767
8003
8128
7776
8430
7815
7695
8047
8416
8144
8370
8216
8040
7843
8185
8104
7668
8403
7698
7687
7628
7924
7938
8064
8094
8083
7631
7618
7794
7797
8108
8366
8303
7665
8109
8307
7584
7719
7930
7692
7998
8008
8416
8345
8097
7874
8253
7757
7863
7812
7987
8286
7729
8235
7869
8345
7715
8345
7564
8101
8439
7673
7534
7785
7790
8270
7985
7742
7811
8085
7800
7579
7799
8281
8118
8178
8102
7581
8124
8404
8459
8493
7901
8063
8246
8250
7546
7643
7679
7614
7780
7622
7921
8089
7833
8226
7785
8426
7916
8354
7939
7959
7533
7590
7919
7553
8363
7729
7881
7606
7600
8077
8018
8137
8130
7966
7593
8304
8036
8141
7661
8008
8227
7648
8183
7706
7736
7777
8398
7710
8174
7521
8068
7650
8226
7965
7689
7898
8307
8275
8265
7636
8117
7518
7663
7577
8053
8462
8379
7755
7675
8314
7757
8352
7760
7827
7497
7578
8468
7526
7940
7934
8198
7668
8345
7890
7902
8367
8060
8350
8310
7897
7763
7581
8159
8048
7517
7615
7864
8194
8435
7771
7756
7559
7784
7952
7753
8270
8038
7599
8388
8474
7601
7501
7893
8352
7647
7539
7613
8359
8424
8466
8400
7913
8011
8337
8237
8464
8478
8365
7883
7540
7701
7659
7991
8043
8360
7798
8256
8361
8228
7532
8474
8479
8414
7772
7719
8426
8215
7724
8164
8184
7729
7983
7906
7711
7586
7848
7886
8483
8254
8211
8340
8404
8271
7523
7531
7521
8000
8374
8179
7516
7941
7949
8363
8171
7864
8100
7874
8293
7645
7670
8079
8259
8165
7946
7984
7784
7982
8467
8017
8116
8315
7536
7657
7556
7786
7500
7664
7796
7558
7534
7918
8035
8485
8314
8318
8469
7656
7588
7925
8440
7844
7810
8239
8355
7789
8228
7729
8343
7761
7642
8143
8480
7970
7782
8013
7813
8443
8158
7595
8160
7784
8434
7630
7542
8329
7570
7502
8447
7840
7595
8453
7795
7692
7682
7803
8149
7797
7526
8301
7607
7516
7914
7702
7686
8122
7643
8273
7932
7731
8203
8463
7519
7701
7500
7658
7850
8123
7612
7540
8269
8489
7723
8293
7787
7732
8396
8155
8410
7824
7996
7559
8072
8441
7568
8357
8367
7619
8327
7534
7911
8069
7660
7526
7913
7522
8211
8114
7577
7506
7845
8249
7848
7867
8387
8176
8078
7562
7931
8354
8468
8149
8168
7754
7846
7973
7862
8407
7936
7953
7565
7794
7863
8243
8443
7691
7874
7498
8144
7834
8186
8049
7930
7920
8368
8459
7719
7853
8183
8090
8374
8109
7999
7595
7539
7747
7870
7704
8457
8426
7750
7533
8330
7756
8271
7740
8265
8277
8252
8225
7686
8105
7545
7982
8049
7939
7565
7750
7970
8407
7715
7562
8274
7546
7584
8047
7687
7503
8054
8190
7983
7761
7972
8139
7939
8337
8055
7887
7599
7609
7728
7511
7940
7998
8062
8220
8468
8141
8161
7886
8373
7933
8268
8439
8400
7692
8249
7944
7529
8048
8442
8346
8415
7623
8065
8213
8297
7972
7529
7914
7754
8446
8187
8107
8434
8319
8464
7972
8314
8401
8356
8265
7854
8193
7835
7531
8238
7518
7614
8299
8360
7855
7822
8386
7507
8193
7745
8095
7995
7832
7990
8390
8456
7607
7903
7845
7884
8324
7827
8405
8156
8363
8494
8462
8060
7933
8052
7869
7874
8068
7804
8389
7940
8197
7731
7991
7839
8046
7713
8303
7891
8432
7769
8382
7897
8171
8223
8227
7785
8478
8435
7882
7607
8467
7865
8025
7641
7587
8277
7955
7531
8322
7935
7567
8452
7496
7914
7920
7878
7921
7892
7981
8323
7607
8079
7631
8105
7750
8260
7795
7765
8423
8214
8262
7628
7637
8206
7944
7774
7830
7629
8232
8208
7747
8146
7691
8432
8324
7721
7704
8384
7542
8354
7701
8349
7885
7513
7709
7638
8394
8066
8273
7623
7577
8206
8303
7542
8147
7752
7828
8298
8247
7722
8462
8095
8466
8269
8071
7780
7657
8459
7557
8139
7941
7630
8290
8184
8370
8007
8343
8026
8036
8143
7767
8450
8232
7654
8301
7730
8398
7726
7855
7927
7947
8487
8435
8170
8173
8253
8063
8495
7817
8378
7893
7667
8351
7980
7807
7847
7852
